  -200.00000     0.00000     0.00000  -200.00000     0.00000
  -136.00000     0.00000     0.00000  -136.00000     0.00000
  -136.00000     0.00000     0.00000  -136.00000     0.00000
  -135.23332     0.00012     0.02196  -135.23332     0.00012
  -134.46663     0.00060     0.04393  -134.46663     0.00060
  -133.69995     0.00131     0.06589  -133.69995     0.00131
  -132.93327     0.00238     0.08786  -132.93327     0.00238
  -132.16658     0.00370     0.10982  -132.16658     0.00370
  -131.39990     0.00525     0.13178  -131.39990     0.00525
  -130.63322     0.00715     0.15375  -130.63322     0.00715
  -129.86655     0.00942     0.17571  -129.86655     0.00942
  -129.09987     0.01192     0.19767  -129.09987     0.01192
  -128.33319     0.01466     0.21964  -128.33319     0.01466
  -127.56651     0.01776     0.24160  -127.56651     0.01776
  -126.79983     0.02122     0.26357  -126.79983     0.02122
  -126.03316     0.02480     0.28553  -126.03316     0.02480
  -125.26648     0.02885     0.30749  -125.26648     0.02885
  -124.49981     0.03302     0.32946  -124.49981     0.03302
  -123.73314     0.03767     0.35142  -123.73314     0.03767
  -122.96648     0.04244     0.37339  -122.96648     0.04244
  -122.19981     0.04756     0.39535  -122.19981     0.04756
  -121.43314     0.05305     0.41731  -121.43314     0.05305
  -120.66648     0.05877     0.43928  -120.66648     0.05877
  -119.89982     0.06485     0.46124  -119.89982     0.06485
  -119.13316     0.07117     0.48321  -119.13316     0.07117
  -118.36651     0.07772     0.50517  -118.36651     0.07772
  -117.59985     0.08464     0.52713  -117.59985     0.08464
  -116.83321     0.09179     0.54910  -116.83321     0.09179
  -116.06656     0.09930     0.57106  -116.06656     0.09930
  -115.29992     0.10717     0.59302  -115.29992     0.10717
  -114.53327     0.11516     0.61499  -114.53327     0.11516
  -113.76664     0.12362     0.63695  -113.76664     0.12362
  -113.00000     0.13220     0.65892  -113.00000     0.13220
  -113.00000     0.13220     0.65892  -113.00000     0.13220
   -82.00000     0.48873     0.65892   -82.00000     0.48873
   -82.00000     0.48871     0.65892   -82.00000     0.48871
   -80.66661     0.50313     0.58251   -80.66661     0.50313
   -79.33320     0.51577     0.50611   -79.33320     0.51577
   -77.99977     0.52668     0.42971   -77.99977     0.52668
   -76.66634     0.53580     0.35331   -76.66634     0.53580
   -75.33289     0.54313     0.27690   -75.33289     0.54313
   -73.99942     0.54867     0.20050   -73.99942     0.54867
   -72.66596     0.55248     0.12410   -72.66596     0.55248
   -71.33249     0.55445     0.04770   -71.33249     0.55445
   -69.99902     0.55469    -0.02870   -69.99902     0.55469
   -68.66555     0.55314    -0.10511   -68.66555     0.55314
   -67.33208     0.54980    -0.18151   -67.33208     0.54980
   -65.99863     0.54468    -0.25791   -65.99863     0.54468
   -64.66517     0.53776    -0.33431   -64.66517     0.53776
   -63.33173     0.52912    -0.41072   -63.33173     0.52912
   -61.99830     0.51869    -0.48712   -61.99830     0.51869
   -60.66489     0.50647    -0.56352   -60.66489     0.50647
   -59.33149     0.49246    -0.63992   -59.33149     0.49246
   -57.99811     0.47667    -0.71632   -57.99811     0.47667
   -56.66476     0.45908    -0.79273   -56.66476     0.45908
   -55.33143     0.43977    -0.86913   -55.33143     0.43977
   -53.99812     0.41867    -0.94553   -53.99812     0.41867
   -52.66485     0.39572    -1.02193   -52.66485     0.39572
   -51.33161     0.37111    -1.09834   -51.33161     0.37111
   -49.99840     0.34464    -1.17474   -49.99840     0.34464
   -48.66523     0.31639    -1.25114   -48.66523     0.31639
   -47.33210     0.28641    -1.32754   -47.33210     0.28641
   -45.99901     0.25464    -1.40394   -45.99901     0.25464
   -44.66596     0.22108    -1.48035   -44.66596     0.22108
   -43.33296     0.18574    -1.55675   -43.33296     0.18574
   -42.00001     0.14860    -1.63315   -42.00001     0.14860
   -42.00000     0.14860    -1.63315   -42.00000     0.14860
     0.35387    -1.05897    -1.63315     0.35387    -1.05897
     0.35387    -1.05896    -1.63315     0.35254    -1.05917
     5.60136    -1.15936    -0.55916     5.57753    -1.21515
    10.84981    -1.16140     0.51484    10.79964    -1.37067
    16.09738    -1.06505     1.58883    16.01888    -1.52563
    21.34222    -0.87036     2.66283    21.23527    -1.68005
    26.58249    -0.57741     3.73682    26.44884    -1.83383
    31.81634    -0.18628     4.81082    31.65958    -1.98694
    37.04195     0.30289     5.88481    36.86752    -2.13928
    42.25747     0.88991     6.95881    42.07267    -2.29086
    47.46106     1.57459     8.03280    47.27507    -2.44159
    52.65091     2.35669     9.10679    52.47472    -2.59146
    57.82520     3.23591    10.18079    57.67166    -2.74036
    62.98209     4.21199    11.25478    62.86589    -2.88828
    68.11977     5.28452    12.32878    68.05743    -3.03516
    73.23646     6.45319    13.40277    73.24635    -3.18091
    78.33034     7.71756    14.47677    78.43262    -3.32556
    83.39963     9.07717    15.55076    83.61629    -3.46899
    88.44254    10.53156    16.62475    88.79738    -3.61124
    93.45730    12.08022    17.69875    93.97591    -3.75214
    98.44216    13.72262    18.77274    99.15193    -3.89172
   103.39536    15.45814    19.84674   104.32547    -4.02991
   108.31515    17.28620    20.92073   109.49651    -4.16669
   113.19981    19.20617    21.99473   114.66513    -4.30197
   118.04764    21.21735    23.06872   119.83134    -4.43576
   122.85691    23.31903    24.14272   124.99517    -4.56799
   127.62595    25.51051    25.21671   130.15666    -4.69858
   132.35307    27.79096    26.29070   135.31584    -4.82755
   137.03662    30.15964    27.36470   140.47275    -4.95480
   141.67494    32.61569    28.43869   145.62737    -5.08032
   146.26643    35.15824    29.51269   150.77983    -5.20407
   150.80945    37.78642    30.58669   155.93010    -5.32596
   155.30241    40.49927    31.66068   161.07823    -5.44604
   159.74373    43.29588    32.73468   166.22426    -5.56418
   164.13187    46.17523    33.80867   171.36824    -5.68039
   168.46524    49.13633    34.88267   176.51016    -5.79462
   172.74236    52.17812    35.95667   181.65005    -5.90686
   176.96172    55.29955    37.03066   186.78806    -6.01703
   181.12183    58.49953    38.10466   191.92410    -6.12509
   185.22122    61.77692    39.17865   197.05829    -6.23105
   189.25845    65.13057    40.25265   202.19061    -6.33484
   193.23213    68.55930    41.32664   207.32115    -6.43643
   197.14085    72.06192    42.40064   212.44995    -6.53580
   200.98323    75.63717    43.47464   217.57703    -6.63290
   204.75792    79.28383    44.54863   222.70242    -6.72772
   208.46358    83.00059    45.62263   227.82616    -6.82022
   212.09894    86.78616    46.69662   232.94835    -6.91034
   215.66269    90.63920    47.77062   238.06894    -6.99811
   219.15359    94.55836    48.84462   243.18808    -7.08344
   222.57043    98.54227    49.91861   248.30569    -7.16635
   225.91200   102.58952    50.99261   253.42197    -7.24677
   229.17712   106.69869    52.06660   258.53680    -7.32474
   232.36465   110.86835    53.14060   263.65036    -7.40015
   235.47345   115.09700    54.21460   268.76260    -7.47302
   238.50246   119.38319    55.28859   273.87357    -7.54337
   241.45059   123.72542    56.36259   278.98343    -7.61108
   244.31682   128.12213    57.43659   284.09207    -7.67621
   247.10011   132.57176    58.51058   289.19965    -7.73868
   249.79953   137.07280    59.58457   294.30609    -7.79852
   252.41411   141.62366    60.65857   299.41162    -7.85568
   254.94292   146.22270    61.73256   304.51614    -7.91016
   257.38507   150.86833    62.80655   309.61975    -7.96191
   259.73975   155.55893    63.88054   314.72250    -8.01096
   262.00607   160.29285    64.95454   319.82443    -8.05725
   264.18326   165.06841    66.02853   324.92554    -8.10080
   266.27057   169.88393    67.10252   330.02597    -8.14157
   268.26727   174.73773    68.17651   335.12570    -8.17960
   270.17261   179.62811    69.25050   340.22482    -8.21478
   271.98596   184.55334    70.32450   345.32343    -8.24716
   273.70667   189.51169    71.39849   350.42142    -8.27673
   275.33414   194.50142    72.47248   355.51892    -8.30347
   276.86780   199.52078    73.54648   360.61591    -8.32739
   278.30713   204.56802    74.62047   365.71262    -8.34848
   279.65158   209.64133    75.69446   370.80902    -8.36670
   280.90073   214.73895    76.76846   375.90503    -8.38208
   282.05408   219.85912    77.84245   381.00104    -8.39456
   282.78778   223.34865    78.91644   386.24951    -8.40650
   292.10074   270.88940    78.91644   434.69330    -8.19965
   301.41367   318.42996    78.91644   483.13705    -7.99282
   310.72662   365.97070    78.91644   531.58081    -7.78597
   320.03952   413.51114    78.91644   580.02460    -7.57916
   329.35248   461.05188    78.91644   628.46838    -7.37232
   338.66541   508.59244    78.91644   676.91217    -7.16549
   347.97836   556.13318    78.91644   725.35596    -6.95865
   357.29126   603.67358    78.91644   773.79968    -6.75184
   366.60422   651.21436    78.91644   822.24353    -6.54499
   375.91714   698.75494    78.91644   870.68726    -6.33815
