  1.17182994 -10.6791296  341.004974
  2.27732992 -10.6791296  373.019989
  3.3828299 -10.6791296  392.26001
  4.48832989 -10.6791296  408.820007
  5.59383011 -10.6791296  422.459991
  6.69932985 -10.6791296  434.339996
  7.80483007 -10.6791296  443.920013
  8.91032982 -10.6791296  452.190002
  10.01583 -10.6791296  459.320007
  11.1213303 -10.6791296  465.609985
  12.2268295 -10.6791296  471.279999
  13.3323298 -10.6791296  476.48999
  14.43783 -10.6791296  481.23999
  15.5433302 -10.6791296  485.600006
  16.6488304 -10.6791296  489.589996
  17.7543297 -10.6791296  493.109985
  18.8598289 -10.6791296  496.329987
  19.9653301 -10.6791296  499.01001
  21.0708294 -10.6791296  501.540009
  22.1763306 -10.6791296  503.299988
  23.2818298 -10.6791296  504.980011
  24.3873291 -10.6791296  506.359985
  25.4928303 -10.6791296  507.359985
  26.5983295 -10.6791296  508.279999
  27.7038288 -10.6791296  508.970001
  28.80933 -10.6791296  509.429993
  29.9148293 -10.6791296  509.730011
  31.0203304 -10.6791296  510.119995
  32.1258278 -10.6791296  510.420013
  33.2313309 -10.6791296  510.420013
  34.3368301 -10.6791296  510.350006
  35.4423294 -10.6791296  510.579987
  36.5478287 -10.6791296  510.5
  37.6533279 -10.6791296  510.420013
  38.758831 -10.6791296  510.579987
  39.8643303 -10.6791296  510.269989
  40.9698296 -10.6791296  510.190002
  42.0753288 -10.6791296  509.959991
  43.1808281 -10.6791296  509.809998
  44.2863312 -10.6791296  509.5
  45.3918304 -10.6791296  509.5
  46.4973297 -10.6791296  509.269989
  47.602829 -10.6791296  509.040009
  48.7083282 -10.6791296  508.730011
  49.8138275 -10.6791296  508.429993
  50.9193306 -10.6791296  507.970001
  52.0248299 -10.6791296  507.51001
  53.1303291 -10.6791296  506.980011
  54.2358284 -10.6791296  506.589996
  55.3413277 -10.6791296  505.899994
  56.4468307 -10.6791296  505.600006
  57.55233 -10.6791296  504.980011
  58.6578293 -10.6791296  504.140015
  59.7633286 -10.6791296  503.600006
  60.8688278 -10.6791296  502.690002
  61.9743309 -10.6791296  501.769989
  63.0798302 -10.6791296  500.690002
  64.1853256 -10.6791296  499.390015
  65.2908325 -10.6791296  497.940002
  66.3963318 -10.6791296  496.329987
  67.5018311 -10.6791296  494.48999
  68.6073303 -10.6791296  492.649994
  69.7128296 -10.6791296  490.040009
  70.8183289 -10.6791296  487.290009
  71.9238281 -10.6791296  483.910004
  73.0293274 -10.6791296  480.079987
  74.1348267 -10.6791296  475.48999
  75.2403259 -10.6791296  469.589996
  76.3458252 -10.6791296  462.769989
  77.4513321 -10.6791296  454.26001
  78.5568314 -10.6791296  444.220001
  79.6623306 -10.6791296  431.809998
  80.7678299 -10.6791296  417.01001
  81.8733292 -10.6791296  399.079987
  82.9788284 -10.6791296  378.079987
  84.0843277 -10.6791296  353.23999
  85.189827 -10.6791296  324.730011
  86.2953262 -10.6791296  292.540009
  87.4008255 -10.6791296  256.519989
  88.5063324 -10.6791296  216.679993
