  33.2000008  16.0599346  0.112410098
  40.4000015  20.790308  0.0120720444
  47.6000023  24.5103645  0.00967098214
  54.8000031  27.9661674  0.0106785353
  62.0000038  31.2906284  0.0104535362
  69.2000046  34.5501633  0.0103239091
  76.4000015  37.7698441  0.0100404266
  83.5999985  40.9620514  0.00951265637
  90.7999954  44.1344414  0.00905566663
  97.9999924  47.2997475  0.00858909357
  105.199989  50.4721222  0.00844324194
  112.399986  53.6465187  0.00837297365
  119.599983  56.8184814  0.00831635389
  126.79998  59.9842567  0.00829060096
  133.999985  63.1443863  0.00823823083
  141.199982  66.2985764  0.00819843169
  148.399979  69.442131  0.0080875773
  155.599976  72.5707703  0.00815620553
  162.799973  75.6989975  0.0080931196
  169.999969  78.8401642  0.00836077798
  177.199966  82.0232391  0.00849406049
