  40.  33.4899979  14263.3711
  40.0999985  33.6477966  14264.9473
  40.1999969  33.8055954  14266.5449
  40.2999954  33.9633904  14268.1641
  40.3999939  34.1211891  14269.9619
  40.4999924  34.2789879  14271.8398
  40.5999908  34.4367828  14273.751
  40.6999893  34.5945816  14275.6963
  40.7999878  34.7523804  14277.6748
  40.8999863  34.9101753  14279.6865
  40.9999847  35.0679741  14281.9404
  41.0999832  35.2257729  14284.3604
  41.1999817  35.3835716  14286.8223
  41.2999802  35.5413666  14289.3281
  41.3999786  35.6991653  14291.876
  41.4999771  35.8569641  14294.4668
  41.5999756  36.0147591  14297.0898
  41.6999741  36.1725578  14299.6689
  41.7999725  36.3303566  14302.3037
  41.899971  36.4881516  14304.9941
  41.9999695  36.6459503  14307.7432
  42.099968  36.8037491  14310.3389
  42.1999664  36.961544  14312.9668
  42.2999649  37.1193428  14314.3887
  42.3999634  37.2771416  14315.4805
  42.4999619  37.4349403  14316.6426
  42.5999603  37.5927353  14317.875
  42.6999588  37.7505341  14319.1797
  42.7999573  37.9083328  14320.5547
  42.8999557  38.0661278  14321.6709
  42.9999542  38.2239265  14322.4189
  43.0999527  38.3817253  14323.0391
  43.1999512  38.5395203  14323.7266
  43.2999496  38.697319  14324.4785
  43.3999481  38.8551178  14325.2959
  43.4999466  39.0129128  14326.0938
  43.5999451  39.1707115  14326.0146
  43.6999435  39.3285103  14326.04
  43.799942  39.4863052  14326.1709
  43.8999405  39.644104  14326.4062
  43.999939  39.8019028  14326.7461
  44.0999374  39.9597015  14326.9219
  44.1999359  40.1174965  14326.3076
  44.2999344  40.2752953  14325.4785
  44.3999329  40.433094  14324.7295
  44.4999313  40.590889  14324.0605
  44.5999298  40.7486877  14323.4707
  44.6999283  40.9064865  14322.9619
  44.7999268  41.0642815  14322.0645
  44.8999252  41.2220802  14320.5205
  44.9999237  41.379879  14318.9961
  45.0999222  41.537674  14317.2783
  45.1999207  41.6954727  14315.5879
  45.2999191  41.8532715  14313.9268
  45.3999176  42.0110703  14312.2275
  45.4999161  42.1688652  14309.6475
  45.5999146  42.326664  14307.0039
  45.699913  42.4844627  14304.2959
  45.7999115  42.6422577  14301.5254
  45.89991  42.8000565  14298.6895
  45.9999084  42.9578552  14295.791
  46.0999069  43.1156502  14292.293
  46.1999054  43.2734489  14288.4688
  46.2999039  43.4312477  14284.4941
  46.3999023  43.5890427  14280.3711
  46.4999008  43.7468414  14276.0977
  46.5998993  43.9046402  14271.6758
  46.6998978  44.062439  14267.1582
  46.7998962  44.2202339  14262.5264
  46.8998947  44.3780327  14257.6777
  46.9998932  44.5358315  14252.6133
  47.0998917  44.6936264  14247.459
  47.1998901  44.8514252  14242.084
  47.2998886  45.0092239  14236.5469
  47.3998871  45.1670189  14231.6211
  47.4998856  45.3248177  14226.3818
  47.599884  45.4826164  14220.8281
  47.6998825  45.6404114  14214.959
  47.799881  45.7982101  14208.7754
  47.8998795  45.9560089  14202.2764
  47.9998779  46.1138077  14194.3623
  48.0998764  46.2716026  14185.9297
  48.1998749  46.4294014  14177.2119
  48.2998734  46.5872002  14168.208
  48.3998718  46.7449951  14158.918
  48.4998703  46.9027939  14149.3418
  48.5998688  47.0605927  14139.4531
  48.6998672  47.2183876  14129.3682
  48.7998657  47.3761864  14119.1904
  48.8998642  47.5339851  14108.9199
  48.9998627  47.6917801  14098.5576
  49.0998611  47.8495789  14088.7207
  49.1998596  48.0073776  14078.748
  49.2998581  48.1651726  14068.1729
  49.3998566  48.3229713  14056.8477
  49.499855  48.4807701  14044.7715
  49.5998535  48.6385689  14031.9453
  49.699852  48.7963638  14018.3691
  49.7998505  48.9541626  14004.042
  49.8998489  49.1119614  13945.333
