  24.5347061  0.00606919266
  24.5986271  0.00509332726
  24.6625481  0.00657126959
  24.7264709  0.00658428762
  24.7903919  0.00832742546
  24.8543129  0.00915547274
  24.9182358  0.00987846218
  24.9821568  0.0120533593
  25.0460777  0.0143835079
  25.1100006  0.00977901276
  25.1739216  0.0126168597
  25.2378426  0.014334321
  25.3017635  0.0137839792
  25.3656864  0.0165293533
  25.4296074  0.0148758963
  25.4935284  0.0142554054
  25.5574512  0.0140045173
  25.6213722  0.0139361741
  25.6852932  0.0182674695
  25.7492161  0.0217589531
  25.8131371  0.0196180791
  25.877058  0.0204252712
  25.9409809  0.0165775176
  26.0049019  0.0219615977
  26.0688229  0.0175394695
  26.1327457  0.0186951179
  26.1966667  0.0182086974
  26.2605877  0.0213381276
  26.3245087  0.0147496881
  26.3884315  0.0168233253
  26.4523525  0.0245298464
  26.5162735  0.0202863459
  26.5801964  0.0226574838
  26.6441174  0.0231430158
  26.7080383  0.0208116062
  26.7719612  0.0197317526
  26.8358822  0.0196879767
  26.8998032  0.0224662498
  26.963726  0.0194795188
  27.027647  0.0194108374
  27.091568  0.0192564819
  27.1554909  0.0177998133
  27.2194118  0.0150774568
  27.2833328  0.0172895268
  27.3472538  0.0221638549
  27.4111767  0.0191511419
  27.4750977  0.0182346329
  27.5390186  0.0201010238
  27.6029415  0.0151183605
  27.6668625  0.0157108996
  27.7307835  0.0138102155
  27.7947063  0.0176676493
  27.8586273  0.0177179351
  27.9225483  0.011596757
  27.9864712  0.0126396473
  28.0503922  0.0133716501
  28.1143131  0.00942663196
  28.178236  0.0104623381
  28.242157  0.00909391697
  28.306078  0.00768605014
  28.3699989  0.00626186561
  28.4339218  0.00555847213
  28.4978428  0.00646643247
  28.5617638  0.00352994818
  28.6256866  0.00220456952
  28.6896076  0.00227715285
  28.7535286  0.00097747508
  28.8174515  0.00128719222
  28.8813725  0.00114417274
  28.9452934  0.000462311291
  29.0092163  0.000562740024
  29.0731373  0.000125036153
  29.1370583  0.000841731089
     *       *   
  27.9341164  0.0105420398
  27.9964695  0.00402346347
  28.0588226  0.0036033371
  28.1211758  0.00412265351
  28.1835289  0.00503303064
  28.245882  0.00684348727
  28.3082352  0.00464525819
  28.3705864  0.00732412143
  28.4329395  0.009574241
  28.4952927  0.0122284926
  28.5576458  0.0150821162
  28.6199989  0.0147365285
  28.6823521  0.0137731228
  28.7447052  0.0187995974
  28.8070583  0.0116923749
  28.8694115  0.0183977932
  28.9317646  0.0175036509
  28.9941158  0.0215059631
  29.056469  0.0163750835
  29.1188221  0.0194583312
  29.1811752  0.0224247519
  29.2435284  0.0193034392
  29.3058815  0.0160449985
  29.3682346  0.0168250371
  29.4305878  0.0158093516
  29.4929409  0.0213768184
  29.555294  0.0179510377
  29.6176453  0.0162434652
  29.6799984  0.0209756345
  29.7423515  0.0208741669
  29.8047047  0.0179027971
  29.8670578  0.021901641
  29.9294109  0.0189436246
  29.9917641  0.0204892848
  30.0541172  0.0195651446
  30.1164703  0.0163522586
  30.1788235  0.0217907242
  30.2411747  0.0144488029
  30.3035278  0.0184819903
  30.365881  0.0194279887
  30.4282341  0.0205982346
  30.4905872  0.0161929466
  30.5529404  0.0218190867
  30.6152935  0.0226085819
  30.6776466  0.0234985445
  30.7399998  0.0212650225
  30.8023529  0.0184438787
  30.8647041  0.0171219092
  30.9270573  0.0159145575
  30.9894104  0.0166249517
  31.0517635  0.0219439752
  31.1141167  0.0172928888
  31.1764698  0.0170613918
  31.2388229  0.0161866173
  31.3011761  0.0140039492
  31.3635292  0.0131897973
  31.4258823  0.0168535374
  31.4882336  0.0142062493
  31.5505867  0.010036367
  31.6129398  0.0102707008
  31.675293  0.00922118872
  31.7376461  0.00961075723
  31.7999992  0.00533502689
  31.8623524  0.00517408783
  31.9247055  0.00243151234
  31.9870586  0.00378078083
  32.0494118  0.0015997889
  32.111763  0.00183221512
  32.174118  0.00120340148
  32.2364693  0.000694441376
  32.2988243  0.000774970045
  32.3611755  0.000283171335
  32.4235268  9.9961966E-05
  32.4858818  0.000111592723
  32.548233  0.000316232414
     *       *   
  31.3870583  0.00660859933
  31.4482346  0.0027116877
  31.5094109  0.00282501848
  31.5705872  0.00361908413
  31.6317635  0.00439059595
  31.6929398  0.00881811231
  31.7541161  0.00590923103
  31.8152924  0.00736223813
  31.8764687  0.00763498014
  31.9376469  0.0117101874
  31.9988232  0.0156244943
  32.0599976  0.00860499684
  32.1211739  0.0165038742
  32.1823502  0.0178562906
  32.2435303  0.0167108495
  32.3047066  0.020001702
  32.3658829  0.0179258566
  32.4270592  0.0212578923
  32.4882355  0.0170588363
  32.5494118  0.0179532915
  32.6105881  0.0213228334
  32.6717644  0.0202384666
  32.7329407  0.0176424794
  32.794117  0.0202305708
  32.8552933  0.0150839603
  32.9164696  0.0186739042
  32.9776459  0.0198139455
  33.0388222  0.0218744464
  33.0999985  0.0161434617
  33.1611748  0.0221425332
  33.2223511  0.0202658176
  33.2835274  0.0157232303
  33.3447037  0.0196860619
  33.40588  0.0171130877
  33.4670563  0.0201406665
  33.5282326  0.0169331729
  33.5894089  0.0159956198
  33.650589  0.0228794012
  33.7117653  0.0193585008
  33.7729416  0.0178404488
  33.8341179  0.0205215979
  33.8952942  0.0205715653
  33.9564705  0.0209004022
  34.0176468  0.0176771749
  34.0788231  0.0206059497
  34.1399994  0.0189235434
  34.2011757  0.0185572281
  34.262352  0.0153183741
  34.3235283  0.0211253688
  34.3847046  0.0180951487
  34.4458809  0.0210429728
  34.5070572  0.0193231963
  34.5682335  0.0181937814
  34.6294098  0.0196927059
  34.6905861  0.0139135998
  34.7517624  0.0188500173
  34.8129387  0.0146750333
  34.874115  0.0142725371
  34.9352913  0.0115637304
  34.9964676  0.0118907494
  35.0576477  0.00895317458
  35.118824  0.0051606358
  35.1800003  0.00549667515
  35.2411766  0.00405700644
  35.3023529  0.00340753561
  35.3635292  0.00188473589
  35.4247055  0.00143363292
  35.4858818  0.00103375164
  35.5470581  0.000392403366
  35.6082344  0.00102176343
  35.6694107  0.000248135009
  35.730587  0.00064420636
  35.7917633  0.00021156999
  35.8529396  0.
  35.9141159  0.000149770829
     *       *   
  34.7613716  0.00426581968
  34.822155  0.00126915972
  34.8829422  0.00216980372
  34.9437256  0.00362080988
  35.004509  0.00655182917
  35.0652924  0.00839292351
  35.1260796  0.00773042673
  35.1868629  0.00935823284
  35.2476463  0.0080440091
  35.3084297  0.0139679257
  35.3692169  0.0119390152
  35.4300003  0.0106034148
  35.4907837  0.0107341884
  35.5515671  0.0150470072
  35.6123543  0.0173277408
  35.6731377  0.0152088553
  35.7339211  0.0217451733
  35.7947044  0.0174985249
  35.8554916  0.0197656844
  35.916275  0.0200194102
  35.9770584  0.0205923971
  36.0378418  0.0225172713
  36.0986252  0.0183616392
  36.1594124  0.0192148369
  36.2201958  0.0232919846
  36.2809792  0.0221552812
  36.3417625  0.0173328724
  36.4025497  0.0157053564
  36.4633331  0.0176739935
  36.5241165  0.0205439311
  36.5848999  0.0185138658
  36.6456871  0.0214046631
  36.7064705  0.0240860693
  36.7672539  0.0223441757
  36.8280373  0.0182084385
  36.8888245  0.0179162901
  36.9496078  0.0187390223
  37.0103912  0.0183080416
  37.0711746  0.0155187855
  37.1319618  0.0224619564
  37.1927452  0.0216289479
  37.2535286  0.0195920654
  37.314312  0.0177726783
  37.3750992  0.0205638837
  37.4358826  0.0154861994
  37.496666  0.0205024388
  37.5574493  0.0186367091
  37.6182365  0.0206082631
  37.6790199  0.0192121919
  37.7398033  0.0180284884
  37.8005867  0.0196582507
  37.8613739  0.018156888
  37.9221573  0.0177575294
  37.9829407  0.0166785363
  38.0437241  0.0146884099
  38.1045074  0.0169779453
  38.1652946  0.0140432073
  38.226078  0.0100528467
  38.2868614  0.012292522
  38.3476448  0.0108116725
  38.408432  0.0107716573
  38.4692154  0.00659443811
  38.5299988  0.00586304581
  38.5907822  0.00574877253
  38.6515694  0.00218208786
  38.7123528  0.00191877282
  38.7731361  0.00111331756
  38.8339195  0.000672709721
  38.8947067  0.00110660878
  38.9554901  0.000559450826
  39.0162735  8.11598657E-05
  39.0770569  6.85738341E-05
  39.1378441  0.
  39.1986275  0.
  39.2594109  1.90142891E-05
     *       *   
  38.1156845  0.00208060187
  38.1760788  0.00111127435
  38.2364693  0.00127293589
  38.2968636  0.00316033978
  38.357254  0.00309265824
  38.4176483  0.00764437672
  38.4780388  0.00611115061
  38.5384293  0.00935034454
  38.5988235  0.0141671775
  38.659214  0.00893024914
  38.7196083  0.0122417584
  38.7799988  0.0132757649
  38.8403931  0.0131556373
  38.9007835  0.0153044323
  38.9611778  0.0198532902
  39.0215683  0.0182712954
  39.0819588  0.0273173768
  39.1423531  0.0210982729
  39.2027435  0.0197656732
  39.2631378  0.0211484171
  39.3235283  0.0167923309
  39.3839226  0.021457592
  39.444313  0.0194119681
  39.5047073  0.0177184492
  39.5650978  0.0167389493
  39.6254883  0.014836858
  39.6858826  0.0168282241
  39.746273  0.0201896932
  39.8066673  0.0208898541
  39.8670578  0.0209542308
  39.9274521  0.0233072992
  39.9878426  0.0193589218
  40.0482368  0.0229538716
  40.1086273  0.0200910307
  40.1690178  0.0175999291
  40.2294121  0.0232661199
  40.2898026  0.0208335277
  40.3501968  0.0135202641
  40.4105873  0.0225863643
  40.4709816  0.0192248281
  40.5313721  0.0184877478
  40.5917625  0.0167728569
  40.6521568  0.0215791259
  40.7125473  0.0193338003
  40.7729416  0.0211738274
  40.8333321  0.0169378165
  40.8937263  0.0182202552
  40.9541168  0.0213281494
  41.0145111  0.0200441219
  41.0749016  0.0185325425
  41.1352921  0.0182209536
  41.1956863  0.0151541075
  41.2560768  0.0128762415
  41.3164711  0.0168736726
  41.3768616  0.0188026112
  41.4372559  0.0191276539
  41.4976463  0.0155831948
  41.5580406  0.0150751024
  41.6184311  0.00981103908
  41.6788216  0.00794505887
  41.7392159  0.00810143445
  41.7996063  0.00908552296
  41.8600006  0.0042936122
  41.9203911  0.0029121004
  41.9807854  0.00279617403
  42.0411758  0.00127600541
  42.1015701  0.00136156904
  42.1619606  0.000724148354
  42.2223511  0.000456792855
  42.2827454  0.
  42.3431358  5.88788062E-05
  42.4035301  6.0860988E-05
  42.4639206  7.95275482E-05
  42.5243149  0.
  42.5847054  0.
     *       *   
  41.4500008  0.000987860723
  41.5099983  0.00146108202
  41.5699997  0.00200371398
  41.6300011  0.00119836919
  41.6899986  0.0022764462
  41.75  0.00357062602
  41.8099976  0.00824410282
  41.8699989  0.00871470943
  41.9300003  0.00466197869
  41.9899979  0.0155020459
  42.0499992  0.0132343778
  42.1100006  0.0196680967
  42.1699982  0.0124468962
  42.2299995  0.0151943406
  42.2900009  0.021960957
  42.3499985  0.0194352604
  42.4099998  0.0183984414
  42.4700012  0.0196319669
  42.5299988  0.0162682626
  42.5900002  0.0218230113
  42.6499977  0.0167826638
  42.7099991  0.0154251857
  42.7700005  0.0182121377
  42.829998  0.0185734909
  42.8899994  0.0184981339
  42.9500008  0.0155721791
  43.0099983  0.015168488
  43.0699997  0.021098353
  43.1300011  0.0211806167
  43.1899986  0.0163579527
  43.25  0.0208869297
  43.3099976  0.0207182113
  43.3699989  0.0220124125
  43.4300003  0.0142367855
  43.4899979  0.0193382651
  43.5499992  0.0258591585
  43.6100006  0.0240410548
  43.6699982  0.0195433609
  43.7299995  0.0156125734
  43.7900009  0.0261031147
  43.8499985  0.0170574337
  43.9099998  0.0220466498
  43.9700012  0.0223363526
  44.0299988  0.0210783444
  44.0900002  0.020763576
  44.1499977  0.0235385764
  44.2099991  0.0215877928
  44.2700005  0.0201873314
  44.329998  0.0171009172
  44.3899994  0.0187306292
  44.4500008  0.0186773576
  44.5099983  0.0173827969
  44.5699997  0.0226167068
  44.6300011  0.0211747102
  44.6899986  0.0169289708
  44.75  0.0163731482
  44.8099976  0.0118297506
  44.8699989  0.0121542402
  44.9300003  0.0107127232
  44.9899979  0.0100882985
  45.0499992  0.00840133242
  45.1100006  0.00542319752
  45.1699982  0.00366711779
  45.2299995  0.00370763033
  45.2900009  0.00242649205
  45.3499985  0.0013132859
  45.4099998  0.000565317925
  45.4700012  0.000176448637
  45.5299988  0.
  45.5900002  4.91891005E-05
  45.6499977  0.
  45.7099991  0.
  45.7700005  0.
  45.829998  0.
  45.8899994  0.
     *       *   
  44.7543144  0.00106363988
  44.8139229  0.000745344907
  44.8735313  0.000754244509
  44.933136  0.00115373684
  44.9927444  0.00192135724
  45.0523529  0.00521295238
  45.1119614  0.006915309
  45.1715698  0.00794145651
  45.2311783  0.0115536591
  45.2907829  0.0125482036
  45.3503914  0.015965838
  45.4099998  0.0150778424
  45.4696083  0.0154697066
  45.5292168  0.0153978001
  45.5888252  0.0169668198
  45.6484299  0.0200163573
  45.7080383  0.0226816647
  45.7676468  0.0174461193
  45.8272552  0.0230055302
  45.8868637  0.0244049188
  45.9464722  0.0162060913
  46.0060806  0.0181842949
  46.0656853  0.0218098462
  46.1252937  0.0166232232
  46.1849022  0.0181870107
  46.2445107  0.0183885377
  46.3041191  0.0198791064
  46.3637276  0.0194663405
  46.4233322  0.0164169502
  46.4829407  0.0221455675
  46.5425491  0.0189776458
  46.6021576  0.0220212024
  46.6617661  0.0165367387
  46.7213745  0.022345027
  46.7809792  0.0186703894
  46.8405876  0.0244267695
  46.9001961  0.0196880344
  46.9598045  0.0186136179
  47.019413  0.0208793655
  47.0790215  0.014281055
  47.1386261  0.0192699358
  47.1982346  0.0234457944
  47.257843  0.0232591629
  47.3174515  0.0188062564
  47.3770599  0.0235342346
  47.4366684  0.0232795607
  47.496273  0.0204443
  47.5558815  0.0204249322
  47.61549  0.0169202443
  47.6750984  0.0170451049
  47.7347069  0.0178716145
  47.7943153  0.0146149583
  47.85392  0.0221312307
  47.9135284  0.0136886286
  47.9731369  0.0201166552
  48.0327454  0.016222531
  48.0923538  0.0140491286
  48.1519623  0.0129278293
  48.2115707  0.0127074672
  48.2711754  0.00957485009
  48.3307838  0.00682843197
  48.3903923  0.00451324182
  48.4500008  0.00321739446
  48.5096092  0.00280315406
  48.5692177  0.00116590247
  48.6288223  0.000354217802
  48.6884308  0.000509032106
  48.7480392  0.000102762802
  48.8076477  0.
  48.8672562  0.000110583351
  48.9268646  2.73692403E-05
  48.9864693  4.43160388E-05
  49.0460777  0.
  49.1056862  0.
  49.1652946  0.
     *       *   
  48.0343132  0.000155537666
  48.0939217  0.000725467049
  48.1535301  0.000573486264
  48.2131348  0.000920969702
  48.2727432  0.00151198218
  48.3323517  0.00444458099
  48.3919601  0.00431495998
  48.4515686  0.0080649443
  48.5111771  0.00796170067
  48.5707817  0.0134085501
  48.6303902  0.0108323451
  48.6899986  0.01658771
  48.7496071  0.0174010042
  48.8092155  0.0179091468
  48.868824  0.015267456
  48.9284286  0.025276389
  48.9880371  0.01676929
  49.0476456  0.0262139663
  49.107254  0.022575248
  49.1668625  0.0161488503
  49.2264709  0.024457816
  49.2860794  0.0193135533
  49.3456841  0.019590104
  49.4052925  0.0216081589
  49.464901  0.0196475871
  49.5245094  0.0141244596
  49.5841179  0.0201893337
  49.6437263  0.0212964974
  49.703331  0.0160851143
  49.7629395  0.0203048345
  49.8225479  0.0215484258
  49.8821564  0.0185990445
  49.9417648  0.0171164032
  50.0013733  0.0175274462
  50.0609779  0.0189526938
  50.1205864  0.0168359857
  50.1801949  0.0189896449
  50.2398033  0.0217524171
  50.2994118  0.0213154182
  50.3590202  0.0210121144
  50.4186249  0.0197168794
  50.4782333  0.0165889151
  50.5378418  0.0210454669
  50.5974503  0.0226348825
  50.6570587  0.0180855896
  50.7166672  0.021312857
  50.7762718  0.0173483752
  50.8358803  0.0197852757
  50.8954887  0.0192618165
  50.9550972  0.0207097884
  51.0147057  0.020453563
  51.0743141  0.0188686885
  51.1339188  0.0193132777
  51.1935272  0.0213660672
  51.2531357  0.0171970148
  51.3127441  0.0164927971
  51.3723526  0.0170449764
  51.4319611  0.0150510576
  51.4915695  0.0114412466
  51.5511742  0.00998603832
  51.6107826  0.00697809411
  51.6703911  0.00527346972
  51.7299995  0.00326922582
  51.789608  0.0014702914
  51.8492165  0.00111690839
  51.9088211  0.000641926366
  51.9684296  0.000177582857
  52.028038  0.
  52.0876465  0.
  52.1472549  3.71869646E-05
  52.2068634  0.
  52.266468  0.
  52.3260765  0.
  52.385685  0.
  52.4452934  0.
     *       *   
  51.3243141  0.000148400359
  51.3839226  0.000512582366
  51.443531  0.0004795196
  51.5031357  0.000530821912
  51.5627441  0.00304261176
  51.6223526  0.00368908327
  51.6819611  0.00603354769
  51.7415695  0.0120030865
  51.801178  0.0129137132
  51.8607826  0.0134854978
  51.9203911  0.0163147897
  51.9799995  0.015847614
  52.039608  0.0153834727
  52.0992165  0.0166047569
  52.1588249  0.0214269143
  52.2184296  0.0138148274
  52.278038  0.0182105619
  52.3376465  0.0192232039
  52.3972549  0.0226510465
  52.4568634  0.0187336728
  52.5164719  0.0156592149
  52.5760803  0.0181757733
  52.635685  0.0191852357
  52.6952934  0.0209151562
  52.7549019  0.018002972
  52.8145103  0.0210335217
  52.8741188  0.0219741035
  52.9337273  0.0196813419
  52.9933319  0.0218753871
  53.0529404  0.0177600738
  53.1125488  0.0196594168
  53.1721573  0.0159490742
  53.2317657  0.0217040554
  53.2913742  0.0182973333
  53.3509789  0.0164309945
  53.4105873  0.0168702155
  53.4701958  0.018007379
  53.5298042  0.0168272592
  53.5894127  0.0177489202
  53.6490211  0.0160866603
  53.7086258  0.023235457
  53.7682343  0.0185057446
  53.8278427  0.0182347093
  53.8874512  0.0203771088
  53.9470596  0.0214091968
  54.0066681  0.019143369
  54.0662727  0.0185456071
  54.1258812  0.0218124259
  54.1854897  0.0172130745
  54.2450981  0.017337393
  54.3047066  0.0214576088
  54.364315  0.024844937
  54.4239197  0.0212018322
  54.4835281  0.0191055574
  54.5431366  0.0192673299
  54.6027451  0.0185228344
  54.6623535  0.0179185551
  54.721962  0.0155522395
  54.7815704  0.013013606
  54.8411751  0.00986637361
  54.9007835  0.00761558115
  54.960392  0.00582392234
  55.0200005  0.00311814272
  55.0796089  0.00174634007
  55.1392174  0.00151943474
  55.198822  0.00045077363
  55.2584305  0.000147252344
  55.3180389  0.000104410676
  55.3776474  0.
  55.4372559  0.
  55.4968643  1.53156598E-05
  55.556469  0.
  55.6160774  0.
  55.6756859  0.
  55.7352943  0.
     *       *   
  54.5943146  5.95000893E-05
  54.653923  0.000125810591
  54.7135315  0.000580107037
  54.7731361  0.00050055288
  54.8327446  0.00193594047
  54.8923531  0.0035477432
  54.9519615  0.00324145006
  55.01157  0.00362644577
  55.0711784  0.00856467616
  55.1307831  0.0142823355
  55.1903915  0.017944552
  55.25  0.0156261194
  55.3096085  0.0239484422
  55.3692169  0.0177380648
  55.4288254  0.0208550915
  55.48843  0.019208394
  55.5480385  0.0179437436
  55.6076469  0.0195001997
  55.6672554  0.0224957094
  55.7268639  0.0200530011
  55.7864723  0.0186751969
  55.8460808  0.0213543195
  55.9056854  0.0212599505
  55.9652939  0.0188281909
  56.0249023  0.02255252
  56.0845108  0.0186021477
  56.1441193  0.0179726686
  56.2037277  0.0203222558
  56.2633324  0.0207941681
  56.3229408  0.0235708673
  56.3825493  0.021409208
  56.4421577  0.0193075221
  56.5017662  0.0189452972
  56.5613747  0.0238881949
  56.6209793  0.0197836068
  56.6805878  0.0223976485
  56.7401962  0.0170377567
  56.7998047  0.0191187933
  56.8594131  0.0174613092
  56.9190216  0.0152169252
  56.9786263  0.0199682042
  57.0382347  0.0189712048
  57.0978432  0.018174611
  57.1574516  0.0213022754
  57.2170601  0.0215843227
  57.2766685  0.0172899924
  57.3362732  0.0198904648
  57.3958817  0.0161484238
  57.4554901  0.0178329032
  57.5150986  0.0187988058
  57.574707  0.0175333712
  57.6343155  0.019170668
  57.6939201  0.018748546
  57.7535286  0.0195228532
  57.8131371  0.0203407146
  57.8727455  0.02035846
  57.932354  0.0144046191
  57.9919624  0.0133327739
  58.0515709  0.0140529843
  58.1111755  0.00765615283
  58.170784  0.00553543586
  58.2303925  0.00495776348
  58.2900009  0.00234205951
  58.3496094  0.000633698772
  58.4092178  0.000772017404
  58.4688225  0.000218261615
  58.5284309  0.000137645678
  58.5880394  4.44325306E-05
  58.6476479  0.
  58.7072563  0.
  58.7668648  0.
  58.8264694  0.
  58.8860779  0.
  58.9456863  0.
  59.0052948  0.
     *       *   
  57.8743134  0.
  57.9339218  3.33468379E-05
  57.9935303  8.87609713E-05
  58.0531349  0.000149491592
  58.1127434  0.00216020993
  58.1723518  0.00268237619
  58.2319603  0.00414732983
  58.2915688  0.00333458651
  58.3511772  0.0113376072
  58.4107819  0.0119435424
  58.4703903  0.0142054213
  58.5299988  0.0201760493
  58.5896072  0.0168241393
  58.6492157  0.0180728808
  58.7088242  0.0213465989
  58.7684288  0.0224544145
  58.8280373  0.0206132419
  58.8876457  0.0166507307
  58.9472542  0.0192881301
  59.0068626  0.022990454
  59.0664711  0.0169892088
  59.1260796  0.0210544243
  59.1856842  0.0202988535
  59.2452927  0.0199058522
  59.3049011  0.0237719361
  59.3645096  0.0185982883
  59.424118  0.0199860819
  59.4837265  0.0223125704
  59.5433311  0.0170784183
  59.6029396  0.0202766787
  59.6625481  0.0214479733
  59.7221565  0.0170917083
  59.781765  0.0220291074
  59.8413734  0.0207383726
  59.9009781  0.0172914546
  59.9605865  0.019231163
  60.020195  0.0174224954
  60.0798035  0.018500194
  60.1394119  0.0243529454
  60.1990204  0.0202803742
  60.258625  0.0167761687
  60.3182335  0.0217004362
  60.3778419  0.0194278881
  60.4374504  0.0195641797
  60.4970589  0.0252534356
  60.5566673  0.0191170499
  60.616272  0.0189420618
  60.6758804  0.0176647305
  60.7354889  0.0207930859
  60.7950974  0.0200177338
  60.8547058  0.017716622
  60.9143143  0.0191313531
  60.9739189  0.018859392
  61.0335274  0.015568885
  61.0931358  0.0164997056
  61.1527443  0.0192393064
  61.2123528  0.0169397444
  61.2719612  0.014205358
  61.3315697  0.0104331737
  61.3911743  0.00800064206
  61.4507828  0.0053918534
  61.5103912  0.00677627791
  61.5699997  0.00230583083
  61.6296082  0.00155348203
  61.6892166  0.000801128452
  61.7488213  4.42468081E-05
  61.8084297  3.36283738E-05
  61.8680382  8.50456563E-05
  61.9276466  0.
  61.9872551  0.
  62.0468636  0.
  62.1064682  0.
  62.1660767  0.
  62.2256851  0.
  62.2852936  0.
     *       *   
  61.1686287  0.
  61.2278442  0.
  61.2870598  0.
  61.3462753  0.000540503941
  61.4054909  0.000536698324
  61.4647064  0.00327499118
  61.523922  0.00318402518
  61.5831375  0.00978657417
  61.6423531  0.0132582383
  61.7015686  0.0126063228
  61.760788  0.016021084
  61.8200035  0.0163264088
  61.8792191  0.0249703079
  61.9384346  0.0168693569
  61.9976501  0.0121632339
  62.0568657  0.0205845572
  62.1160812  0.0163520724
  62.1752968  0.0138318241
  62.2345123  0.0216621421
  62.2937279  0.0188600607
  62.3529434  0.0216621049
  62.412159  0.016149953
  62.4713745  0.0164889563
  62.5305901  0.0142298862
  62.5898056  0.0181518774
  62.6490211  0.0179771297
  62.7082367  0.0172121786
  62.7674522  0.0216613207
  62.8266678  0.0218970515
  62.8858833  0.0202777795
  62.9450989  0.0203874242
  63.0043144  0.0216352418
  63.06353  0.0240390357
  63.1227455  0.0223335493
  63.1819611  0.018189352
  63.2411766  0.0228247661
  63.3003922  0.0218515862
  63.3596115  0.0190201178
  63.4188271  0.0269925781
  63.4780426  0.0206121486
  63.5372581  0.0198775884
  63.5964737  0.0164049435
  63.6556892  0.018952677
  63.7149048  0.0197159108
  63.7741203  0.0186995957
  63.8333359  0.0203230213
  63.8925514  0.0188296326
  63.951767  0.0184577778
  64.0109787  0.0205113497
  64.0701981  0.0210763328
  64.1294098  0.0190672595
  64.1886292  0.0203037001
  64.2478485  0.0213905573
  64.3070602  0.0163279139
  64.3662796  0.0158761963
  64.4254913  0.0144622186
  64.4847107  0.0184812471
  64.5439224  0.016772395
  64.6031418  0.016629735
  64.6623535  0.00769552775
  64.7215729  0.00496604247
  64.7807846  0.00740706734
  64.840004  0.00208116556
  64.8992157  0.000773922016
  64.9584351  0.000420584518
  65.0176468  7.33378329E-05
  65.0768661  0.
  65.1360779  0.
  65.1952972  0.
  65.254509  0.
  65.3137283  0.
  65.3729401  0.
  65.4321594  0.
  65.4913712  0.
  65.5505905  0.
     *       *   
  64.428627  0.
  64.4878387  0.
  64.5470581  0.
  64.6062698  0.000146916776
  64.6654892  0.000574922422
  64.7247009  0.00201616669
  64.7839203  0.00453736307
  64.843132  0.00662581157
  64.9023514  0.0107466783
  64.9615631  0.0202130694
  65.0207825  0.0151149854
  65.0799942  0.0172958225
  65.1392136  0.0182469282
  65.1984253  0.0180190969
  65.2576447  0.0218144171
  65.3168564  0.0199881326
  65.3760757  0.017230954
  65.4352875  0.0168400686
  65.4945068  0.0164071843
  65.5537186  0.0192047674
  65.6129379  0.0242209807
  65.6721497  0.0256677177
  65.731369  0.0199751575
  65.7905884  0.0232402012
  65.8498001  0.0210709628
  65.9090195  0.0213435702
  65.9682312  0.0151321907
  66.0274506  0.0194559842
  66.0866623  0.0200517606
  66.1458817  0.0206608549
  66.2050934  0.0192920454
  66.2643127  0.0192115046
  66.3235245  0.0173498522
  66.3827438  0.0124420393
  66.4419556  0.0161684901
  66.5011749  0.0141706914
  66.5603867  0.0238559376
  66.619606  0.0178786404
  66.6788177  0.0210860595
  66.7380371  0.0186004359
  66.7972488  0.0198734812
  66.8564682  0.0246537589
  66.9156799  0.0201628115
  66.9748993  0.0201581307
  67.034111  0.021048218
  67.0933304  0.0213317648
  67.1525421  0.0180505551
  67.2117615  0.0188749693
  67.2709732  0.0149693228
  67.3301926  0.0215819571
  67.3894043  0.0147705507
  67.4486237  0.0211577639
  67.507843  0.0222989209
  67.5670547  0.0195333697
  67.6262741  0.0193791837
  67.6854858  0.0177508183
  67.7447052  0.0136940815
  67.8039169  0.0177468862
  67.8631363  0.0129621653
  67.922348  0.0121242236
  67.9815674  0.00481293537
  68.0407791  0.00374550303
  68.0999985  0.00229705265
  68.1592102  0.000695132883
  68.2184296  0.000325216737
  68.2776413  0.00010289553
  68.3368607  0.
  68.3960724  0.
  68.4552917  0.
  68.5145035  0.
  68.5737228  0.
  68.6329346  0.
  68.6921539  0.
  68.7513657  0.
  68.810585  0.
     *       *   
  67.6986313  0.
  67.757843  0.
  67.8170624  8.75647238E-05
  67.8762741  0.000394094706
  67.9354935  0.000188810722
  67.9947052  0.00220755162
  68.0539246  0.00312708481
  68.1131363  0.00571179064
  68.1723557  0.0124399597
  68.2315674  0.0156118236
  68.2907867  0.0165891666
  68.3499985  0.0191404168
  68.4092178  0.0211660564
  68.4684296  0.0239655487
  68.5276489  0.0157497823
  68.5868607  0.0167019516
  68.64608  0.0190968085
  68.7052917  0.0161378346
  68.7645111  0.0183479916
  68.8237228  0.0195372663
  68.8829422  0.0225665048
  68.9421539  0.0196065046
  69.0013733  0.0196119901
  69.0605927  0.0178869367
  69.1198044  0.0191146433
  69.1790237  0.018446153
  69.2382355  0.0205243994
  69.2974548  0.0189115573
  69.3566666  0.0195961948
  69.4158859  0.0192577187
  69.4750977  0.0233513508
  69.534317  0.0223084446
  69.5935287  0.0206807088
  69.6527481  0.0208507478
  69.7119598  0.0203483626
  69.7711792  0.018293269
  69.8303909  0.019473454
  69.8896103  0.0221673287
  69.948822  0.0176264476
  70.0080414  0.0190471504
  70.0672531  0.0207574368
  70.1264725  0.0176521465
  70.1856842  0.0198471881
  70.2449036  0.0241792202
  70.3041153  0.0201346129
  70.3633347  0.0184100736
  70.4225464  0.0191300437
  70.4817657  0.0209533889
  70.5409775  0.0178061333
  70.6001968  0.0252920222
  70.6594086  0.0179443825
  70.7186279  0.0163653642
  70.7778473  0.0178984404
  70.837059  0.0147728119
  70.8962784  0.0233359616
  70.9554901  0.0168668199
  71.0147095  0.0141087985
  71.0739212  0.0155939059
  71.1331406  0.0164884701
  71.1923523  0.00872215349
  71.2515717  0.00448724441
  71.3107834  0.00224436843
  71.3700027  0.00105296948
  71.4292145  0.
  71.4884338  8.46301846E-05
  71.5476456  0.
  71.6068649  0.
  71.6660767  0.
  71.725296  0.
  71.7845078  0.
  71.8437271  0.
  71.9029388  0.
  71.9621582  0.
  72.0213699  0.
  72.0805893  0.
     *       *   
  70.9586334  0.
  71.0178452  0.
  71.0770645  0.
  71.1362762  0.000249619392
  71.1954956  0.00069676101
  71.2547073  0.001461062
  71.3139267  0.0040672468
  71.3731384  0.00385654438
  71.4323578  0.0116743743
  71.4915695  0.0176378172
  71.5507889  0.0177063867
  71.6100006  0.017330125
  71.66922  0.0201412365
  71.7284317  0.0155829238
  71.7876511  0.0216497518
  71.8468628  0.0179855786
  71.9060822  0.0236078687
  71.9652939  0.0179840084
  72.0245132  0.0204634722
  72.083725  0.0167557169
  72.1429443  0.0210134611
  72.2021561  0.0213410556
  72.2613754  0.0170724224
  72.3205948  0.015546998
  72.3798065  0.0243145674
  72.4390259  0.019970458
  72.4982376  0.0246358104
  72.557457  0.0209706388
  72.6166687  0.0220532976
  72.6758881  0.022739822
  72.7350998  0.0206377245
  72.7943192  0.019539116
  72.8535309  0.018496966
  72.9127502  0.0178873464
  72.971962  0.024166435
  73.0311813  0.0193252806
  73.0903931  0.0178020317
  73.1496124  0.0220030509
  73.2088242  0.0192260332
  73.2680435  0.0136830313
  73.3272552  0.0193972588
  73.3864746  0.0230590254
  73.4456863  0.0187517423
  73.5049057  0.021900462
  73.5641174  0.0194420815
  73.6233368  0.0159535706
  73.6825485  0.0191921666
  73.7417679  0.0189280137
  73.8009796  0.0164823197
  73.860199  0.0218954366
  73.9194107  0.0178738758
  73.9786301  0.0165068805
  74.0378494  0.0146493418
  74.0970612  0.0212249402
  74.1562805  0.0201237276
  74.2154922  0.0190560687
  74.2747116  0.0173314046
  74.3339233  0.0139140533
  74.3931427  0.0133895194
  74.4523544  0.0102412309
  74.5115738  0.00547264889
  74.5707855  0.00296991784
  74.6300049  0.00061381649
  74.6892166  0.000208846031
  74.748436  0.000145512662
  74.8076477  0.
  74.8668671  0.
  74.9260788  0.
  74.9852982  0.
  75.0445099  0.
  75.1037292  0.
  75.162941  0.
  75.2221603  0.
  75.2813721  0.
  75.3405914  0.
     *       *   
  74.2186279  0.
  74.2778397  0.
  74.337059  0.
  74.3962708  3.55330994E-05
  74.4554901  0.000672001857
  74.5147018  0.000505465548
  74.5739212  0.00241656345
  74.6331329  0.00457033562
  74.6923523  0.013495299
  74.751564  0.0158036985
  74.8107834  0.0140338233
  74.8699951  0.0201248024
  74.9292145  0.0201948415
  74.9884262  0.0193556547
  75.0476456  0.0203144439
  75.1068573  0.018403057
  75.1660767  0.0246464629
  75.2252884  0.0195120946
  75.2845078  0.0183193646
  75.3437195  0.0162532516
  75.4029388  0.0190501884
  75.4621506  0.0194290206
  75.5213699  0.0170756541
  75.5805893  0.0214175712
  75.639801  0.0222262833
  75.6990204  0.0204634499
  75.7582321  0.0206654426
  75.8174515  0.0192730762
  75.8766632  0.0185390357
  75.9358826  0.0192751139
  75.9950943  0.0222690627
  76.0543137  0.020045517
  76.1135254  0.0195387062
  76.1727448  0.024641512
  76.2319565  0.0238360651
  76.2911758  0.0174525455
  76.3503876  0.0207024161
  76.4096069  0.0170385316
  76.4688187  0.0165945496
  76.528038  0.0173703637
  76.5872498  0.0179265272
  76.6464691  0.0198379345
  76.7056808  0.0167488139
  76.7649002  0.0162352547
  76.8241119  0.02006796
  76.8833313  0.02577921
  76.942543  0.0212062839
  77.0017624  0.0178253967
  77.0609741  0.0165823139
  77.1201935  0.0199554674
  77.1794052  0.0192653742
  77.2386246  0.0172782
  77.2978439  0.0183057971
  77.3570557  0.0195749253
  77.416275  0.0234165229
  77.4754868  0.0188426469
  77.5347061  0.0208518934
  77.5939178  0.0165783223
  77.6531372  0.0125747323
  77.7123489  0.00787974708
  77.7715683  0.00639724825
  77.83078  0.000783131516
  77.8899994  0.000525437528
  77.9492111  0.
  78.0084305  0.
  78.0676422  0.
  78.1268616  0.
  78.1860733  0.
  78.2452927  0.
  78.3045044  0.
  78.3637238  0.
  78.4229355  0.
  78.4821548  0.
  78.5413666  0.
  78.6005859  0.
     *       *   
  77.4686279  0.
  77.5278397  0.
  77.587059  0.
  77.6462708  0.000293097168
  77.7054901  0.
  77.7647018  0.00088020222
  77.8239212  0.00313227437
  77.8831329  0.00711170631
  77.9423523  0.0115854321
  78.001564  0.0123972781
  78.0607834  0.018644141
  78.1199951  0.0192561913
  78.1792145  0.0213434901
  78.2384262  0.0212883446
  78.2976456  0.0176841225
  78.3568573  0.0196995549
  78.4160767  0.0183794554
  78.4752884  0.0149713196
  78.5345078  0.018175723
  78.5937195  0.0227383543
  78.6529388  0.0211774427
  78.7121506  0.0193893481
  78.7713699  0.0194815565
  78.8305893  0.0213994775
  78.889801  0.0218298528
  78.9490204  0.0183506701
  79.0082321  0.0184629709
  79.0674515  0.0206496995
  79.1266632  0.018452486
  79.1858826  0.022164626
  79.2450943  0.0185164921
  79.3043137  0.0229101628
  79.3635254  0.0237752311
  79.4227448  0.0200587008
  79.4819565  0.0147388503
  79.5411758  0.0158497598
  79.6003876  0.0228689443
  79.6596069  0.0204918552
  79.7188187  0.0158240292
  79.778038  0.0234119315
  79.8372498  0.0189670902
  79.8964691  0.0175984818
  79.9556808  0.0177800152
  80.0149002  0.0189466625
  80.0741119  0.0203550365
  80.1333313  0.0197321214
  80.192543  0.0181741901
  80.2517624  0.0234053954
  80.3109741  0.022992745
  80.3701935  0.0187190473
  80.4294052  0.0187429115
  80.4886246  0.0174747296
  80.5478439  0.0181899872
  80.6070557  0.0185575448
  80.666275  0.0214778706
  80.7254868  0.0168320183
  80.7847061  0.0160159823
  80.8439178  0.0183853712
  80.9031372  0.0131939407
  80.9623489  0.0111875338
  81.0215683  0.00368839293
  81.08078  0.00144466746
  81.1399994  0.000753581349
  81.1992111  0.
  81.2584305  0.
  81.3176422  0.
  81.3768616  0.
  81.4360733  0.
  81.4952927  0.
  81.5545044  0.
  81.6137238  0.
  81.6729355  0.
  81.7321548  0.
  81.7913666  0.
  81.8505859  0.
     *       *   
  80.7286301  0.
  80.7878418  0.
  80.8470612  0.
  80.9062729  3.72479844E-05
  80.9654922  6.70685695E-05
  81.024704  0.0010688809
  81.0839233  0.001073124
  81.1431351  0.00872946251
  81.2023544  0.014581657
  81.2615662  0.014119233
  81.3207855  0.0161248241
  81.3799973  0.0199517533
  81.4392166  0.0204128157
  81.4984283  0.0228145048
  81.5576477  0.0186458342
  81.6168594  0.0204802416
  81.6760788  0.0188843645
  81.7352905  0.0196163207
  81.7945099  0.0185952056
  81.8537216  0.0206632111
  81.912941  0.0144926356
  81.9721527  0.0152116232
  82.0313721  0.0176407192
  82.0905914  0.0177115873
  82.1498032  0.0226387661
  82.2090225  0.0177305788
  82.2682343  0.0183435064
  82.3274536  0.0187616665
  82.3866653  0.0174985826
  82.4458847  0.018118998
  82.5050964  0.0150612276
  82.5643158  0.024868194
  82.6235275  0.0216693487
  82.6827469  0.01502652
  82.7419586  0.0176648796
  82.801178  0.0185929369
  82.8603897  0.0157047771
  82.9196091  0.023365831
  82.9788208  0.0241656266
  83.0380402  0.0199492164
  83.0972519  0.0180140194
  83.1564713  0.0233210921
  83.215683  0.0208934918
  83.2749023  0.0223216079
  83.3341141  0.0186831988
  83.3933334  0.0193536617
  83.4525452  0.0218475368
  83.5117645  0.0217606854
  83.5709763  0.0240839012
  83.6301956  0.021586841
  83.6894073  0.0246405564
  83.7486267  0.0163370222
  83.8078461  0.0192856863
  83.8670578  0.0149313193
  83.9262772  0.0182910468
  83.9854889  0.0227018334
  84.0447083  0.0185863022
  84.10392  0.0177793186
  84.1631393  0.0114434008
  84.2223511  0.00776307192
  84.2815704  0.00455884403
  84.3407822  0.00114842039
  84.4000015  0.000541218207
  84.4592133  4.31906919E-05
  84.5184326  0.
  84.5776443  0.
  84.6368637  0.
  84.6960754  0.
  84.7552948  0.
  84.8145065  0.
  84.8737259  0.
  84.9329376  0.
  84.992157  0.
  85.0513687  0.
  85.1105881  0.
     *       *   
  83.9786301  0.
  84.0378418  0.
  84.0970612  0.
  84.1562729  0.
  84.2154922  4.87983525E-05
  84.274704  0.000182015589
  84.3339233  0.00225174264
  84.3931351  0.00555666769
  84.4523544  0.00718775531
  84.5115662  0.0167278908
  84.5707855  0.01594924
  84.6299973  0.0173226185
  84.6892166  0.0202763621
  84.7484283  0.0177125968
  84.8076477  0.0191958006
  84.8668594  0.0208525788
  84.9260788  0.0232893005
  84.9852905  0.0208909027
  85.0445099  0.0286038499
  85.1037216  0.0165951774
  85.162941  0.0174079947
  85.2221527  0.022931654
  85.2813721  0.0188495517
  85.3405914  0.0155369593
  85.3998032  0.0146839451
  85.4590225  0.0152400834
  85.5182343  0.0241460707
  85.5774536  0.0177261923
  85.6366653  0.0229626242
  85.6958847  0.0218077805
  85.7550964  0.0216504168
  85.8143158  0.0225897115
  85.8735275  0.0203569867
  85.9327469  0.01863515
  85.9919586  0.0177057795
  86.051178  0.022708891
  86.1103897  0.016338231
  86.1696091  0.0169044733
  86.2288208  0.020944234
  86.2880402  0.01716429
  86.3472519  0.0198960286
  86.4064713  0.0191353112
  86.465683  0.0200068597
  86.5249023  0.0188891031
  86.5841141  0.0175174251
  86.6433334  0.0199110694
  86.7025452  0.0214409493
  86.7617645  0.0185020603
  86.8209763  0.0195758455
  86.8801956  0.0195654277
  86.9394073  0.0211073011
  86.9986267  0.0246912446
  87.0578461  0.0195694827
  87.1170578  0.0191329569
  87.1762772  0.0213357676
  87.2354889  0.0176372714
  87.2947083  0.0194934551
  87.35392  0.0148186637
  87.4131393  0.0136756143
  87.4723511  0.00944321882
  87.5315704  0.00482005207
  87.5907822  0.000900441955
  87.6500015  0.
  87.7092133  0.
  87.7684326  0.
  87.8276443  0.
  87.8868637  0.
  87.9460754  0.
  88.0052948  0.
  88.0645065  0.
  88.1237259  0.
  88.1829376  0.
  88.242157  0.
  88.3013687  0.
  88.3605881  0.
     *       *   
  87.2386322  0.
  87.2978439  0.
  87.3570633  0.
  87.416275  0.
  87.4754944  0.
  87.5347061  0.000594697543
  87.5939255  0.0018145116
  87.6531372  0.00664738007
  87.7123566  0.00949643459
  87.7715683  0.0155035686
  87.8307877  0.0212780088
  87.8899994  0.019216666
  87.9492188  0.0162039492
  88.0084305  0.0238307919
  88.0676498  0.018400453
  88.1268616  0.0196068566
  88.1860809  0.0205908567
  88.2452927  0.0187962428
  88.304512  0.0207372792
  88.3637238  0.019198006
  88.4229431  0.0162925012
  88.4821548  0.0153515013
  88.5413742  0.0182615314
  88.6005936  0.018695537
  88.6598053  0.0164151732
  88.7190247  0.0177778602
  88.7782364  0.0161947031
  88.8374557  0.0176287685
  88.8966675  0.0206684899
  88.9558868  0.0228539333
  89.0150986  0.024683198
  89.0743179  0.020658493
  89.1335297  0.0180492904
  89.192749  0.0221988484
  89.2519608  0.021648014
  89.3111801  0.0186900347
  89.3703918  0.0220775306
  89.4296112  0.0275859535
  89.4888229  0.0217813235
  89.5480423  0.0125162648
  89.607254  0.0201551709
  89.6664734  0.01983965
  89.7256851  0.0199624412
  89.7849045  0.0219070986
  89.8441162  0.0234339256
  89.9033356  0.0209669843
  89.9625473  0.0201843325
  90.0217667  0.0184139702
  90.0809784  0.0184801817
  90.1401978  0.0137542421
  90.1994095  0.014094485
  90.2586288  0.0191970766
  90.3178482  0.0208036117
  90.3770599  0.0174363963
  90.4362793  0.0192576014
  90.495491  0.0237966198
  90.5547104  0.0217027105
  90.6139221  0.0174613707
  90.6731415  0.0159986503
  90.7323532  0.00791897811
  90.7915726  0.00294540171
  90.8507843  0.000249571429
  90.9100037  6.14493038E-05
  90.9692154  3.34870529E-05
  91.0284348  0.
  91.0876465  0.
  91.1468658  0.
  91.2060776  0.
  91.2652969  0.
  91.3245087  0.
  91.383728  0.
  91.4429398  0.
  91.5021591  0.
  91.5613708  0.
  91.6205902  0.
     *       *   
  90.4986343  0.
  90.5578461  0.
  90.6170654  0.
  90.6762772  0.
  90.7354965  7.4527954E-05
  90.7947083  0.00018587854
  90.8539276  0.00159853278
  90.9131393  0.00359463319
  90.9723587  0.0103616165
  91.0315704  0.0160132702
  91.0907898  0.0142176282
  91.1500015  0.0221798159
  91.2092209  0.0193092097
  91.2684326  0.0204330347
  91.327652  0.0179483239
  91.3868637  0.0231283605
  91.4460831  0.0193243306
  91.5052948  0.0204306934
  91.5645142  0.0214275382
  91.6237259  0.0168647841
  91.6829453  0.0220106393
  91.742157  0.0191058181
  91.8013763  0.016425699
  91.8605957  0.0233883671
  91.9198074  0.0226044692
  91.9790268  0.0216464177
  92.0382385  0.0187264681
  92.0974579  0.0217258222
  92.1566696  0.0161532257
  92.215889  0.0202953927
  92.2751007  0.0220316313
  92.3343201  0.0202816911
  92.3935318  0.0197346061
  92.4527512  0.0191891249
  92.5119629  0.0166433603
  92.5711823  0.0189033691
  92.630394  0.0215746723
  92.6896133  0.0210479591
  92.7488251  0.0147739956
  92.8080444  0.0206949394
  92.8672562  0.0186910387
  92.9264755  0.0177886933
  92.9856873  0.0198834687
  93.0449066  0.0178045966
  93.1041183  0.0202405658
  93.1633377  0.0184509251
  93.2225494  0.0181005187
  93.2817688  0.0220869854
  93.3409805  0.0175221581
  93.4001999  0.0162995718
  93.4594116  0.0165581182
  93.518631  0.0197197143
  93.5778503  0.0252165012
  93.6370621  0.0185198635
  93.6962814  0.0194468722
  93.7554932  0.0211822055
  93.8147125  0.0182644743
  93.8739243  0.0224637706
  93.9331436  0.0159330908
  93.9923553  0.00751257269
  94.0515747  0.00379608967
  94.1107864  0.000468391459
  94.1700058  0.
  94.2292175  0.
  94.2884369  0.
  94.3476486  0.
  94.406868  0.
  94.4660797  0.
  94.5252991  0.
  94.5845108  0.
  94.6437302  0.
  94.7029419  0.
  94.7621613  0.
  94.821373  0.
  94.8805923  0.
     *       *   
  93.7729416  0.
  93.8317642  0.
  93.8905869  0.
  93.9494095  0.
  94.0082321  0.
  94.0670547  0.000360283768
  94.1258774  0.00187167153
  94.1847076  0.00624061003
  94.2435303  0.0117375581
  94.3023529  0.0141151361
  94.3611755  0.0189455319
  94.4199982  0.0224184711
  94.4788208  0.0191120803
  94.5376434  0.0200851597
  94.5964661  0.0223015212
  94.6552887  0.0168379806
  94.714119  0.0193545707
  94.7729416  0.0175849106
  94.8317642  0.0208647624
  94.8905869  0.0185976271
  94.9494095  0.018004002
  95.0082321  0.0206250492
  95.0670547  0.0266742799
  95.1258774  0.0235706978
  95.1847076  0.019730866
  95.2435303  0.016965799
  95.3023529  0.0215579513
  95.3611755  0.0185741074
  95.4199982  0.021261055
  95.4788208  0.0174911227
  95.5376434  0.017706003
  95.5964661  0.0229988825
  95.6552887  0.0173026379
  95.714119  0.0210387558
  95.7729416  0.0180679373
  95.8317642  0.0165961906
  95.8905869  0.0200689621
  95.9494095  0.0177665669
  96.0082321  0.0203185957
  96.0670547  0.0199319441
  96.1258774  0.019601915
  96.1847076  0.0158993509
  96.2435303  0.0178126786
  96.3023529  0.0212532822
  96.3611755  0.0201019719
  96.4199982  0.0168491751
  96.4788208  0.0255640633
  96.5376434  0.0185786206
  96.5964661  0.0161334351
  96.6552887  0.0164134912
  96.714119  0.0247701723
  96.7729416  0.019179007
  96.8317642  0.0147447446
  96.8905869  0.0209268238
  96.9494095  0.0183662809
  97.0082321  0.0175368283
  97.0670547  0.0194845907
  97.1258774  0.0253004991
  97.1847076  0.0163392462
  97.2435303  0.00623230124
  97.3023529  0.00174515473
  97.3611755  0.000487142417
  97.4199982  0.
  97.4788208  0.
  97.5376434  0.
  97.5964661  0.
  97.6552887  0.
  97.714119  0.
  97.7729416  0.
  97.8317642  0.
  97.8905869  0.
  97.9494095  0.
  98.0082321  0.
  98.0670547  0.
  98.1258774  0.
     *       *   
  97.0229416  0.
  97.0817642  0.
  97.1405869  0.
  97.1994095  0.
  97.2582321  0.
  97.3170547  3.14193894E-05
  97.3758774  0.00280124438
  97.4347076  0.00422764989
  97.4935303  0.0129058156
  97.5523529  0.0205246918
  97.6111755  0.0215589013
  97.6699982  0.0219419114
  97.7288208  0.0190558191
  97.7876434  0.0144370096
  97.8464661  0.0175332818
  97.9052887  0.0237425528
  97.964119  0.0197754465
  98.0229416  0.0184839759
  98.0817642  0.0169949047
  98.1405869  0.0168247614
  98.1994095  0.0184181575
  98.2582321  0.0186688639
  98.3170547  0.0179433729
  98.3758774  0.0205906816
  98.4347076  0.0171815027
  98.4935303  0.0172336549
  98.5523529  0.0167431124
  98.6111755  0.0155439954
  98.6699982  0.0209812447
  98.7288208  0.0194422789
  98.7876434  0.0220013689
  98.8464661  0.0158260521
  98.9052887  0.0131866438
  98.964119  0.0148093132
  99.0229416  0.0156160751
  99.0817642  0.0174730383
  99.1405869  0.0223002695
  99.1994095  0.0197941847
  99.2582321  0.0208724141
  99.3170547  0.022263594
  99.3758774  0.0200145636
  99.4347076  0.0186053347
  99.4935303  0.0216730181
  99.5523529  0.0201333649
  99.6111755  0.0210758988
  99.6699982  0.0225855261
  99.7288208  0.0197067875
  99.7876434  0.0223174971
  99.8464661  0.0231177639
  99.9052887  0.0170881748
  99.964119  0.01570189
  100.022942  0.0205086339
  100.081764  0.0274825487
  100.140587  0.0197961871
  100.199409  0.0208865572
  100.258232  0.0207445193
  100.317055  0.0195307322
  100.375877  0.0239035953
  100.434708  0.0165695585
  100.49353  0.00892970711
  100.552353  0.00189885555
  100.611176  0.
  100.669998  0.
  100.728821  0.
  100.787643  0.
  100.846466  0.
  100.905289  0.
  100.964119  0.
  101.022942  0.
  101.081764  0.
  101.140587  0.
  101.199409  0.
  101.258232  0.
  101.317055  0.
  101.375877  0.
     *       *   
  100.262947  0.
  100.32177  0.
  100.380592  0.
  100.439415  0.
  100.498238  0.
  100.55706  4.22196936E-05
  100.615883  0.000188088437
  100.674713  0.00358517468
  100.733536  0.012066083
  100.792358  0.0165462513
  100.851181  0.0197700635
  100.910004  0.0217486471
  100.968826  0.0174028464
  101.027649  0.0212877691
  101.086472  0.0243257713
  101.145294  0.020243274
  101.204124  0.0180712678
  101.262947  0.0185490623
  101.32177  0.0160780568
  101.380592  0.0147513337
  101.439415  0.0217688531
  101.498238  0.0207944438
  101.55706  0.0203169491
  101.615883  0.0242941584
  101.674713  0.0205887761
  101.733536  0.0214158464
  101.792358  0.0159805026
  101.851181  0.0227567423
  101.910004  0.0177145787
  101.968826  0.0184096172
  102.027649  0.0206765998
  102.086472  0.0174915325
  102.145294  0.0241987165
  102.204124  0.0202069506
  102.262947  0.0179203972
  102.32177  0.020750111
  102.380592  0.0229087081
  102.439415  0.0162060391
  102.498238  0.0163559951
  102.55706  0.019455269
  102.615883  0.0183537565
  102.674713  0.0202835593
  102.733536  0.0224212445
  102.792358  0.0205084272
  102.851181  0.0191501137
  102.910004  0.0192909073
  102.968826  0.0198155399
  103.027649  0.0185896587
  103.086472  0.022774728
  103.145294  0.0189746898
  103.204124  0.020574687
  103.262947  0.0208151713
  103.32177  0.0171366911
  103.380592  0.0205561277
  103.439415  0.018568879
  103.498238  0.0187923051
  103.55706  0.0197223369
  103.615883  0.0163099226
  103.674713  0.0142456936
  103.733536  0.00686617615
  103.792358  0.00121768098
  103.851181  0.000164828525
  103.910004  0.
  103.968826  0.
  104.027649  0.
  104.086472  0.
  104.145294  0.
  104.204124  0.
  104.262947  0.
  104.32177  0.
  104.380592  0.
  104.439415  0.
  104.498238  0.
  104.55706  0.
  104.615883  0.
     *       *   
  103.507256  0.
  103.565689  0.
  103.624115  0.
  103.682549  0.
  103.740982  0.
  103.799408  0.
  103.857841  0.0011345509
  103.916275  0.00528023206
  103.974709  0.00879688561
  104.033134  0.0196677912
  104.091568  0.0227963328
  104.150002  0.0216357578
  104.208427  0.0215853136
  104.266861  0.0166329499
  104.325294  0.0184956826
  104.383728  0.0221758187
  104.442154  0.0127428006
  104.500587  0.0204795115
  104.559021  0.0164652262
  104.617447  0.0180838779
  104.67588  0.0136678917
  104.734314  0.0188195109
  104.792747  0.0217282865
  104.851173  0.0201579481
  104.909607  0.0180257764
  104.96804  0.0183953829
  105.026466  0.0214720462
  105.0849  0.0183194727
  105.143333  0.0203230716
  105.201767  0.0185620654
  105.260193  0.0207819641
  105.318626  0.0207416583
  105.37706  0.0235549547
  105.435486  0.0198051501
  105.493919  0.0191653818
  105.552353  0.0211828053
  105.610786  0.0191247836
  105.669212  0.0183508992
  105.727646  0.0187968221
  105.786079  0.017164873
  105.844513  0.019210903
  105.902939  0.020981025
  105.961372  0.0164894499
  106.019806  0.0183729436
  106.078232  0.0220729671
  106.136665  0.0213862043
  106.195099  0.017205568
  106.253532  0.0186042003
  106.311958  0.0191283282
  106.370392  0.0197537206
  106.428825  0.0230903644
  106.487251  0.0237415079
  106.545685  0.0226923376
  106.604118  0.0167065877
  106.662552  0.0192163978
  106.720978  0.0208048131
  106.779411  0.0227940362
  106.837845  0.0185134318
  106.896271  0.0157876648
  106.954704  0.00886368658
  107.013138  0.000470214669
  107.071571  0.
  107.129997  0.
  107.188431  0.
  107.246864  0.
  107.30529  0.
  107.363724  0.
  107.422157  0.
  107.480591  0.
  107.539017  0.
  107.59745  0.
  107.655884  0.
  107.71431  0.
  107.772743  0.
  107.831177  0.
     *       *   
  106.737259  0.
  106.795692  0.
  106.854118  0.
  106.912552  0.
  106.970985  0.
  107.029411  0.
  107.087845  0.000910759554
  107.146278  0.00637992891
  107.204712  0.0169652216
  107.263138  0.0188454557
  107.321571  0.019126635
  107.380005  0.0210530777
  107.438431  0.0237473939
  107.496864  0.0172560774
  107.555298  0.0175657347
  107.613731  0.0207060929
  107.672157  0.0152635127
  107.730591  0.0202456582
  107.789024  0.014997907
  107.84745  0.0194751453
  107.905884  0.0198793784
  107.964317  0.0161087997
  108.022751  0.0228698682
  108.081177  0.0210839473
  108.13961  0.019542506
  108.198044  0.0184864141
  108.25647  0.0201673359
  108.314903  0.0188332107
  108.373337  0.0238769818
  108.43177  0.0192886498
  108.490196  0.0226075444
  108.54863  0.0191062242
  108.607063  0.0193617567
  108.665489  0.0157524478
  108.723923  0.0151718399
  108.782356  0.0203639176
  108.84079  0.0193425044
  108.899216  0.0205901265
  108.957649  0.0278398674
  109.016083  0.0203071516
  109.074516  0.0184181817
  109.132942  0.02186561
  109.191376  0.0163801871
  109.249809  0.0221059136
  109.308235  0.0179379098
  109.366669  0.0222626794
  109.425102  0.0205293521
  109.483536  0.0227803197
  109.541962  0.0172789842
  109.600395  0.0185796078
  109.658829  0.015469199
  109.717255  0.019259261
  109.775688  0.0215098932
  109.834122  0.0172314085
  109.892555  0.0167283583
  109.950981  0.018507557
  110.009415  0.0214847662
  110.067848  0.0180573706
  110.126274  0.0127265751
  110.184708  0.0064210901
  110.243141  0.00117897487
  110.301575  0.000167736594
  110.360001  0.
  110.418434  0.
  110.476868  0.
  110.535294  0.
  110.593727  0.
  110.652161  0.
  110.710594  0.
  110.76902  0.
  110.827454  0.
  110.885887  0.
  110.944313  0.
  111.002747  0.
  111.06118  0.
     *       *   
  109.957253  0.
  110.015686  0.
  110.074112  0.
  110.132545  0.
  110.190979  0.
  110.249405  0.
  110.307838  0.000750117761
  110.366272  0.00448187115
  110.424706  0.0109440899
  110.483131  0.0175357945
  110.541565  0.0222406946
  110.599998  0.0286455322
  110.658424  0.019907454
  110.716858  0.0213680137
  110.775291  0.0198563486
  110.833725  0.0164521188
  110.892151  0.0214875247
  110.950584  0.0206536986
  111.009018  0.0182699207
  111.067444  0.0240871925
  111.125877  0.0281385258
  111.184311  0.0194729138
  111.242744  0.0211525373
  111.30117  0.017237179
  111.359604  0.0171988588
  111.418037  0.0194264166
  111.476463  0.018242158
  111.534897  0.0202972107
  111.59333  0.0155083127
  111.651764  0.0212280285
  111.71019  0.018592529
  111.768623  0.0181558952
  111.827057  0.0218282286
  111.885483  0.0143282916
  111.943916  0.0180372298
  112.00235  0.0175429285
  112.060783  0.0199371055
  112.119209  0.0168877225
  112.177643  0.0231253114
  112.236076  0.0187790003
  112.29451  0.0173116978
  112.352936  0.0180056207
  112.411369  0.0190293156
  112.469803  0.024540944
  112.528229  0.0184088554
  112.586662  0.0185344368
  112.645096  0.021659581
  112.703529  0.0188135449
  112.761955  0.0206656661
  112.820389  0.0185189862
  112.878822  0.0168146808
  112.937248  0.021123182
  112.995682  0.014546968
  113.054115  0.0185653847
  113.112549  0.0233152974
  113.170975  0.0202882793
  113.229408  0.0206679348
  113.287842  0.0129625164
  113.346268  0.0160423927
  113.404701  0.00659732055
  113.463135  0.00179071352
  113.521568  0.
  113.579994  0.
  113.638428  0.
  113.696861  0.
  113.755287  0.
  113.813721  0.
  113.872154  0.
  113.930588  0.
  113.989014  0.
  114.047447  0.
  114.105881  0.
  114.164307  0.
  114.22274  0.
  114.281174  0.
     *       *   
  113.187256  0.
  113.245689  0.
  113.304115  0.
  113.362549  0.
  113.420982  0.
  113.479408  0.
  113.537842  0.000686836487
  113.596275  0.00598927075
  113.654709  0.0183283892
  113.713135  0.0186373387
  113.771568  0.019934522
  113.830002  0.0208096113
  113.888428  0.0240114927
  113.946861  0.0174447484
  114.005295  0.0218751244
  114.063728  0.0219480414
  114.122154  0.016707493
  114.180588  0.0184049178
  114.239021  0.0220313091
  114.297447  0.0209041368
  114.355881  0.0189449154
  114.414314  0.0224100128
  114.472748  0.0175358634
  114.531174  0.0208848119
  114.589607  0.0215339568
  114.648041  0.0187223572
  114.706467  0.0172508992
  114.7649  0.0195009969
  114.823334  0.0193548743
  114.881767  0.0174245369
  114.940193  0.0163967796
  114.998627  0.0186788607
  115.05706  0.0198986754
  115.115486  0.0199748091
  115.17392  0.023744138
  115.232353  0.0216865502
  115.290787  0.0254294761
  115.349213  0.0257078297
  115.407646  0.0174401458
  115.46608  0.0162870344
  115.524513  0.0131027894
  115.582939  0.0202883594
  115.641373  0.0181296431
  115.699806  0.0158804301
  115.758232  0.0236797351
  115.816666  0.0175532121
  115.875099  0.0200476274
  115.933533  0.01811889
  115.991959  0.0145966699
  116.050392  0.0219229814
  116.108826  0.0218224227
  116.167252  0.0193395633
  116.225685  0.0176247135
  116.284119  0.0175033901
  116.342552  0.0182913076
  116.400978  0.0223791786
  116.459412  0.0195060298
  116.517845  0.014501364
  116.576271  0.0140091646
  116.634705  0.00518181082
  116.693138  0.
  116.751572  0.
  116.809998  0.
  116.868431  0.
  116.926865  0.
  116.985291  0.
  117.043724  0.
  117.102158  0.
  117.160591  0.
  117.219017  0.
  117.277451  0.
  117.335884  0.
  117.39431  0.
  117.452744  0.
  117.511177  0.
     *       *   
  116.407257  0.
  116.465691  0.
  116.524117  0.
  116.58255  0.
  116.640984  0.
  116.699409  0.
  116.757843  0.000276080333
  116.816277  0.0046220324
  116.87471  0.0141031481
  116.933136  0.0196893606
  116.99157  0.0215144008
  117.050003  0.0164453704
  117.108429  0.0229923856
  117.166862  0.0160138402
  117.225296  0.0192770716
  117.28373  0.0226950012
  117.342155  0.0175681617
  117.400589  0.0198490042
  117.459023  0.0157702323
  117.517448  0.0183687154
  117.575882  0.0160018541
  117.634315  0.0216321666
  117.692749  0.02548155
  117.751175  0.0188447479
  117.809608  0.015459029
  117.868042  0.0156636406
  117.926468  0.0192903038
  117.984901  0.0195768457
  118.043335  0.015677454
  118.101768  0.0215569995
  118.160194  0.0207825229
  118.218628  0.0214572307
  118.277061  0.0196388047
  118.335487  0.0237321369
  118.393921  0.0184401926
  118.452354  0.0189509429
  118.510788  0.0160232633
  118.569214  0.0226707421
  118.627647  0.0221610907
  118.686081  0.0191436037
  118.744514  0.0195066705
  118.80294  0.0233187638
  118.861374  0.0206074733
  118.919807  0.0172331389
  118.978233  0.0232929103
  119.036667  0.0198929906
  119.0951  0.0195173528
  119.153534  0.0214269757
  119.21196  0.0188681539
  119.270393  0.0189946946
  119.328827  0.0226432532
  119.387253  0.0162160993
  119.445686  0.0190510433
  119.50412  0.0194143727
  119.562553  0.0186150186
  119.620979  0.0258188229
  119.679413  0.0189579353
  119.737846  0.0169382486
  119.796272  0.0147945927
  119.854706  0.0026643218
  119.913139  0.000857239764
  119.971573  0.
  120.029999  0.
  120.088432  0.
  120.146866  0.
  120.205292  0.
  120.263725  0.
  120.322159  0.
  120.380592  0.
  120.439018  0.
  120.497452  0.
  120.555885  0.
  120.614311  0.
  120.672745  0.
  120.731178  0.
     *       *   
  119.637253  0.
  119.695686  0.
  119.754112  0.
  119.812546  0.
  119.870979  0.
  119.929405  0.
  119.987839  0.000203909498
  120.046272  0.00568847451
  120.104706  0.0138271088
  120.163132  0.0158533528
  120.221565  0.0189331099
  120.279999  0.0212549549
  120.338425  0.0210982095
  120.396858  0.0193283632
  120.455292  0.0184182022
  120.513725  0.0209180098
  120.572151  0.0199631788
  120.630585  0.0221141223
  120.689018  0.0164846033
  120.747444  0.0255338643
  120.805878  0.0202670451
  120.864311  0.0221777316
  120.922745  0.02577978
  120.981171  0.0165330004
  121.039604  0.0207618773
  121.098038  0.0197510514
  121.156464  0.0183519069
  121.214897  0.0215506852
  121.273331  0.0152030485
  121.331764  0.0223879758
  121.39019  0.0178815015
  121.448624  0.0225600954
  121.507057  0.0199621711
  121.565483  0.0213079304
  121.623917  0.0147141842
  121.68235  0.0165603366
  121.740784  0.0132286195
  121.79921  0.0225224439
  121.857643  0.0222819652
  121.916077  0.0109116668
  121.97451  0.0241549052
  122.032936  0.0164857674
  122.09137  0.0208424591
  122.149803  0.0225123223
  122.208229  0.0182484966
  122.266663  0.0220053885
  122.325096  0.0185752697
  122.38353  0.0208492465
  122.441956  0.0213698074
  122.500389  0.0156308655
  122.558823  0.0207459107
  122.617249  0.0212382991
  122.675682  0.0217637941
  122.734116  0.0146238403
  122.792549  0.0207963157
  122.850975  0.01998231
  122.909409  0.0232647434
  122.967842  0.0148735447
  123.026268  0.0133226337
  123.084702  0.00432047946
  123.143135  7.90896738E-05
  123.201569  0.
  123.259995  0.
  123.318428  0.
  123.376862  0.
  123.435287  0.
  123.493721  0.
  123.552155  0.
  123.610588  0.
  123.669014  0.
  123.727448  0.
  123.785881  0.
  123.844307  0.
  123.90274  0.
  123.961174  0.
     *       *   
  122.857254  0.
  122.915688  0.
  122.974113  0.
  123.032547  0.
  123.090981  0.
  123.149406  0.
  123.20784  0.000107804459
  123.266273  0.00408422481
  123.324707  0.0153775141
  123.383133  0.0189010166
  123.441566  0.0167099498
  123.5  0.0159381591
  123.558426  0.0239929054
  123.616859  0.0249583684
  123.675293  0.023311818
  123.733727  0.0187695008
  123.792152  0.0199927427
  123.850586  0.0168636013
  123.909019  0.0185675696
  123.967445  0.0225858577
  124.025879  0.0197376888
  124.084312  0.0173535831
  124.142746  0.0216537286
  124.201172  0.0147109823
  124.259605  0.0213604979
  124.318039  0.0203204118
  124.376465  0.0203981176
  124.434898  0.0152884228
  124.493332  0.0215518679
  124.551765  0.0190406069
  124.610191  0.0161475353
  124.668625  0.0210593119
  124.727058  0.0199685525
  124.785484  0.0186941642
  124.843918  0.0233388618
  124.902351  0.0212289821
  124.960785  0.0178334806
  125.019211  0.0141883818
  125.077644  0.0192135517
  125.136078  0.019264074
  125.194511  0.0169237573
  125.252937  0.0179354139
  125.311371  0.0221626498
  125.369804  0.0270489696
  125.42823  0.0242378805
  125.486664  0.0231468268
  125.545097  0.0173742808
  125.603531  0.0165462866
  125.661957  0.0199448522
  125.72039  0.0185933411
  125.778824  0.0191056021
  125.83725  0.0194405466
  125.895683  0.0216627903
  125.954117  0.0187529698
  126.01255  0.0229729544
  126.070976  0.0164592583
  126.12941  0.0206750948
  126.187843  0.0172122121
  126.246269  0.0153484922
  126.304703  0.00176006719
  126.363136  0.000181907162
  126.42157  0.
  126.479996  0.
  126.538429  0.
  126.596863  0.
  126.655289  0.
  126.713722  0.
  126.772156  0.
  126.830589  0.
  126.889015  0.
  126.947449  0.
  127.005882  0.
  127.064308  0.
  127.122742  0.
  127.181175  0.
     *       *   
  126.087257  0.
  126.145691  0.
  126.204117  0.
  126.26255  0.
  126.320984  0.
  126.37941  0.
  126.437843  0.000219958369
  126.496277  0.00568798836
  126.55471  0.0178348608
  126.613136  0.0184670072
  126.67157  0.0232750755
  126.730003  0.0214934256
  126.788429  0.015641354
  126.846863  0.0221023895
  126.905296  0.0208931025
  126.96373  0.0173344165
  127.022156  0.0195742007
  127.080589  0.0228057224
  127.139023  0.0188849736
  127.197449  0.0215861537
  127.255882  0.0182588529
  127.314316  0.0191649441
  127.372749  0.0185439419
  127.431175  0.0240846388
  127.489609  0.0202846341
  127.548042  0.021723751
  127.606468  0.0200485475
  127.664902  0.0182654317
  127.723335  0.0186844189
  127.781769  0.0171339661
  127.840195  0.0213615485
  127.898628  0.0213331636
  127.957062  0.0172585864
  128.015488  0.0223426074
  128.073929  0.0186066628
  128.132355  0.0164029393
  128.190781  0.0184635241
  128.249222  0.0222601108
  128.307648  0.0170870945
  128.366074  0.0209459234
  128.424515  0.0164201017
  128.482941  0.0184540283
  128.541367  0.0217270032
  128.599808  0.0240260009
  128.658234  0.0172602907
  128.716675  0.0165770128
  128.775101  0.0129960384
  128.833527  0.0195363872
  128.891968  0.0186324622
  128.950394  0.0157336704
  129.00882  0.0203744136
  129.067261  0.0168876313
  129.125687  0.0159926452
  129.184113  0.0155247534
  129.242554  0.027238071
  129.30098  0.0221232455
  129.359406  0.0209419969
  129.417847  0.0197599661
  129.476273  0.017671844
  129.534714  0.00372748077
  129.59314  0.000339151127
  129.651566  0.
  129.710007  0.
  129.768433  0.
  129.826859  0.
  129.8853  0.
  129.943726  0.
  130.002151  0.
  130.060593  0.
  130.119019  0.
  130.17746  0.
  130.235886  0.
  130.294312  0.
  130.352753  0.
  130.411179  0.
     *       *   
  129.317245  0.
  129.375687  0.
  129.434113  0.
  129.492538  0.
  129.55098  0.
  129.609406  0.
  129.667847  0.000147153725
  129.726273  0.00590440817
  129.784698  0.0163138062
  129.84314  0.0170667171
  129.901566  0.0213843137
  129.959991  0.0196592864
  130.018433  0.020114677
  130.076859  0.0205480736
  130.135284  0.0197361801
  130.193726  0.0195341296
  130.252151  0.0213485677
  130.310593  0.0192804411
  130.369019  0.0183605701
  130.427444  0.0182452872
  130.485886  0.0173673928
  130.544312  0.0225670338
  130.602737  0.0192254484
  130.661179  0.0185579676
  130.719604  0.0251281932
  130.77803  0.0234639905
  130.836472  0.0177547298
  130.894897  0.0213294122
  130.953323  0.0243538693
  131.011765  0.0203936975
  131.07019  0.0168839693
  131.128632  0.0162399877
  131.187057  0.022967523
  131.245483  0.02466527
  131.303925  0.0153765026
  131.36235  0.0140646566
  131.420776  0.0200810898
  131.479218  0.0148378564
  131.537643  0.0206721369
  131.596069  0.0154706594
  131.65451  0.0202800259
  131.712936  0.0218230113
  131.771362  0.0216740444
  131.829803  0.0230822638
  131.888229  0.0184481349
  131.946671  0.0162665676
  132.005096  0.0185459945
  132.063522  0.0249608438
  132.121964  0.0159510728
  132.180389  0.0168964434
  132.238815  0.0208867695
  132.297256  0.0219607949
  132.355682  0.0218890198
  132.414108  0.0204896778
  132.472549  0.0170156714
  132.530975  0.0213319901
  132.589401  0.0183057431
  132.647842  0.0139690209
  132.706268  0.015046481
  132.764709  0.00213154312
  132.823135  0.
  132.881561  0.
  132.940002  0.
  132.998428  0.
  133.056854  0.
  133.115295  0.
  133.173721  0.
  133.232147  0.
  133.290588  0.
  133.349014  0.
  133.407455  0.
  133.465881  0.
  133.524307  0.
  133.582748  0.
  133.641174  0.
     *       *   
  132.547241  0.
  132.605682  0.
  132.664108  0.
  132.722534  0.
  132.780975  0.
  132.839401  0.
  132.897842  0.000621084822
  132.956268  0.00845527556
  133.014694  0.0140649425
  133.073135  0.0262034349
  133.131561  0.0155509962
  133.189987  0.0203169119
  133.248428  0.0224578213
  133.306854  0.0142454701
  133.36528  0.0163561925
  133.423721  0.0228965264
  133.482147  0.0196807031
  133.540588  0.0167452171
  133.599014  0.0198668763
  133.65744  0.0205430351
  133.715881  0.0197602995
  133.774307  0.012408142
  133.832733  0.0187936965
  133.891174  0.0199128874
  133.9496  0.0199125409
  134.008026  0.0166889094
  134.066467  0.0198338553
  134.124893  0.0296138469
  134.183319  0.0186773892
  134.24176  0.0221639872
  134.300186  0.01846187
  134.358627  0.0192932524
  134.417053  0.0216374733
  134.475479  0.0183512289
  134.53392  0.0198822003
  134.592346  0.0190914758
  134.650772  0.0234812871
  134.709213  0.0218855459
  134.767639  0.0205592867
  134.826065  0.0144035965
  134.884506  0.0222470146
  134.942932  0.0192230567
  135.001358  0.0189852733
  135.059799  0.0214366596
  135.118225  0.0170708168
  135.176666  0.0144796781
  135.235092  0.0183278285
  135.293518  0.0173669979
  135.351959  0.0180768017
  135.410385  0.0265224464
  135.468811  0.0221768841
  135.527252  0.0190449134
  135.585678  0.0241688583
  135.644104  0.0138236396
  135.702545  0.0168860666
  135.760971  0.0198391154
  135.819397  0.0201374963
  135.877838  0.0227400884
  135.936264  0.0129516143
  135.994705  0.00167756353
  136.053131  0.
  136.111557  0.
  136.169998  0.
  136.228424  0.
  136.28685  0.
  136.345291  0.
  136.403717  0.
  136.462143  0.
  136.520584  0.
  136.57901  0.
  136.637451  0.
  136.695877  0.
  136.754303  0.
  136.812744  0.
  136.87117  0.
     *       *   
  135.777252  0.
  135.835693  0.
  135.894119  0.
  135.952545  0.
  136.010986  0.
  136.069412  0.
  136.127853  0.
  136.186279  0.00512516312
  136.244705  0.0177756455
  136.303146  0.0250442382
  136.361572  0.0226951744
  136.419998  0.019336991
  136.478439  0.0204872396
  136.536865  0.0199132301
  136.595291  0.0194575675
  136.653732  0.0155200902
  136.712158  0.0193066671
  136.770599  0.0203919522
  136.829025  0.0225304049
  136.887451  0.0166829806
  136.945892  0.0216628276
  137.004318  0.0222256538
  137.062744  0.0145737492
  137.121185  0.0181371234
  137.179611  0.020806361
  137.238037  0.0198200364
  137.296478  0.0205725525
  137.354904  0.0196685903
  137.41333  0.0200591292
  137.471771  0.021119833
  137.530197  0.0183920003
  137.588638  0.0167094152
  137.647064  0.0161676239
  137.70549  0.0195213966
  137.763931  0.023657972
  137.822357  0.0194183514
  137.880783  0.019031724
  137.939224  0.0215453301
  137.99765  0.0156930517
  138.056076  0.0192624647
  138.114517  0.0204505213
  138.172943  0.0176898725
  138.231369  0.0304108188
  138.28981  0.0212286506
  138.348236  0.0187548641
  138.406677  0.0162924863
  138.465103  0.0172762163
  138.523529  0.019358756
  138.58197  0.0172484051
  138.640396  0.0179300196
  138.698822  0.0192018561
  138.757263  0.0198469665
  138.815689  0.0229842067
  138.874115  0.0178918149
  138.932556  0.02032982
  138.990982  0.0167162064
  139.049408  0.0180163737
  139.107849  0.0166859236
  139.166275  0.0161640309
  139.224716  0.003209583
  139.283142  0.
  139.341568  0.
  139.400009  0.
  139.458435  0.
  139.516861  0.
  139.575302  0.
  139.633728  0.
  139.692154  0.
  139.750595  0.
  139.809021  0.
  139.867462  0.
  139.925888  0.
  139.984314  0.
  140.042755  0.
  140.101181  0.
     *       *   
  138.992935  0.
  139.051758  0.
  139.11058  0.
  139.169418  0.
  139.228241  0.
  139.287064  0.
  139.345886  0.
  139.404709  0.00486654742
  139.463531  0.0139658954
  139.522354  0.0178195629
  139.581177  0.0241485126
  139.639999  0.0180295072
  139.698822  0.0166051481
  139.757645  0.020673139
  139.816467  0.0215419196
  139.87529  0.0185567141
  139.934113  0.0208153278
  139.992935  0.0215256661
  140.051758  0.0198830273
  140.11058  0.0186341982
  140.169418  0.0206703916
  140.228241  0.0196398608
  140.287064  0.0184172075
  140.345886  0.0175259691
  140.404709  0.0182894506
  140.463531  0.0210918169
  140.522354  0.0199128333
  140.581177  0.0145908017
  140.639999  0.023311507
  140.698822  0.024136927
  140.757645  0.0224343184
  140.816467  0.017156465
  140.87529  0.0184881855
  140.934113  0.0193156283
  140.992935  0.0154694216
  141.051758  0.0162959751
  141.11058  0.0212625843
  141.169418  0.0179151129
  141.228241  0.017316021
  141.287064  0.0207713209
  141.345886  0.0186250713
  141.404709  0.0193067063
  141.463531  0.0213042255
  141.522354  0.0197924115
  141.581177  0.023077121
  141.639999  0.0200590659
  141.698822  0.0204646029
  141.757645  0.0200509131
  141.816467  0.0251855329
  141.87529  0.0189024769
  141.934113  0.0205699895
  141.992935  0.0216600653
  142.051758  0.0160160884
  142.11058  0.0222607143
  142.169418  0.0258667339
  142.228241  0.0152311856
  142.287064  0.0189476106
  142.345886  0.0214766711
  142.404709  0.00953702535
  142.463531  0.000588902389
  142.522354  0.
  142.581177  0.
  142.639999  0.
  142.698822  0.
  142.757645  0.
  142.816467  0.
  142.87529  0.
  142.934113  0.
  142.992935  0.
  143.051758  0.
  143.11058  0.
  143.169418  0.
  143.228241  0.
  143.287064  0.
  143.345886  0.
     *       *   
  142.222931  0.
  142.281754  0.
  142.340576  0.
  142.399414  0.
  142.458237  0.
  142.517059  0.
  142.575882  0.
  142.634705  0.00237093633
  142.693527  0.0152390162
  142.75235  0.0284626111
  142.811172  0.018187888
  142.869995  0.0240639914
  142.928818  0.0232672356
  142.98764  0.0168307703
  143.046463  0.0213592146
  143.105286  0.0185978133
  143.164108  0.0176519379
  143.222931  0.0243556686
  143.281754  0.0181199741
  143.340576  0.017844554
  143.399414  0.0174948424
  143.458237  0.0198954977
  143.517059  0.0177001618
  143.575882  0.0169860777
  143.634705  0.0197957475
  143.693527  0.0179610681
  143.75235  0.0156806521
  143.811172  0.0185322855
  143.869995  0.0216274597
  143.928818  0.0213407464
  143.98764  0.0195676163
  144.046463  0.0189585481
  144.105286  0.0197806992
  144.164108  0.0180610474
  144.222931  0.0211937856
  144.281754  0.0187109951
  144.340576  0.0205426831
  144.399414  0.0191578642
  144.458237  0.0204325318
  144.517059  0.0183815286
  144.575882  0.019701343
  144.634705  0.0209290013
  144.693527  0.0254219677
  144.75235  0.0182418022
  144.811172  0.0209432598
  144.869995  0.0215500444
  144.928818  0.0176430661
  144.98764  0.0185983721
  145.046463  0.0131956711
  145.105286  0.0169418529
  145.164108  0.0231259447
  145.222931  0.0161439218
  145.281754  0.0190911014
  145.340576  0.019527182
  145.399414  0.0206952859
  145.458237  0.0164213069
  145.517059  0.0199940875
  145.575882  0.0272709541
  145.634705  0.0154897217
  145.693527  0.000920478313
  145.75235  0.
  145.811172  0.
  145.869995  0.
  145.928818  0.
  145.98764  0.
  146.046463  0.
  146.105286  0.
  146.164108  0.
  146.222931  0.
  146.281754  0.
  146.340576  0.
  146.399414  0.
  146.458237  0.
  146.517059  0.
  146.575882  0.
     *       *   
  145.462936  0.
  145.521759  0.
  145.580582  0.
  145.63942  0.
  145.698242  0.
  145.757065  0.
  145.815887  0.000120822624
  145.87471  0.00754598901
  145.933533  0.0176731497
  145.992355  0.0163911823
  146.051178  0.0243361164
  146.110001  0.0164882746
  146.168823  0.0265533812
  146.227646  0.0204041805
  146.286469  0.0210771337
  146.345291  0.0210021548
  146.404114  0.0208708514
  146.462936  0.0183396451
  146.521759  0.0178883635
  146.580582  0.0166448951
  146.63942  0.0208987053
  146.698242  0.0185268652
  146.757065  0.0212204177
  146.815887  0.0159497466
  146.87471  0.0241778493
  146.933533  0.0130859474
  146.992355  0.0174844489
  147.051178  0.0203894712
  147.110001  0.0213855039
  147.168823  0.019349223
  147.227646  0.0183361378
  147.286469  0.0167752616
  147.345291  0.0192141235
  147.404114  0.0177287422
  147.462936  0.0167902224
  147.521759  0.0209881682
  147.580582  0.0187730175
  147.63942  0.0235887654
  147.698242  0.0184176508
  147.757065  0.0222737473
  147.815887  0.0164724402
  147.87471  0.0171468779
  147.933533  0.0184522681
  147.992355  0.0196775105
  148.051178  0.0231725909
  148.110001  0.0199420638
  148.168823  0.0243701469
  148.227646  0.0200490542
  148.286469  0.0214985143
  148.345291  0.020996904
  148.404114  0.0223895386
  148.462936  0.0177948326
  148.521759  0.0162034184
  148.580582  0.0184334181
  148.63942  0.0208480768
  148.698242  0.0223081745
  148.757065  0.0161267631
  148.815887  0.0216841195
  148.87471  0.00966083817
  148.933533  0.00208232715
  148.992355  0.
  149.051178  0.
  149.110001  0.
  149.168823  0.
  149.227646  0.
  149.286469  0.
  149.345291  0.
  149.404114  0.
  149.462936  0.
  149.521759  0.
  149.580582  0.
  149.63942  0.
  149.698242  0.
  149.757065  0.
  149.815887  0.
     *       *   
  148.712936  0.
  148.771759  0.
  148.830582  0.
  148.88942  0.
  148.948242  0.
  149.007065  0.
  149.065887  0.000333901873
  149.12471  0.00639956817
  149.183533  0.0216591228
  149.242355  0.0197607186
  149.301178  0.0217520203
  149.360001  0.0174505264
  149.418823  0.0225894731
  149.477646  0.0219805297
  149.536469  0.0207652245
  149.595291  0.0216992833
  149.654114  0.0207977835
  149.712936  0.0185280479
  149.771759  0.0187807493
  149.830582  0.0207879655
  149.88942  0.0203889348
  149.948242  0.0163789205
  150.007065  0.0225597173
  150.065887  0.0238112491
  150.12471  0.0203848984
  150.183533  0.0180793945
  150.242355  0.023677472
  150.301178  0.0159163252
  150.360001  0.0190489572
  150.418823  0.0181600247
  150.477646  0.0228966661
  150.536469  0.0172863845
  150.595291  0.0232643224
  150.654114  0.0200787578
  150.712936  0.0178363398
  150.771759  0.0147169065
  150.830582  0.0140459714
  150.88942  0.023570152
  150.948242  0.0224297307
  151.007065  0.0191178489
  151.065887  0.0169220157
  151.12471  0.0206866544
  151.183533  0.0223081168
  151.242355  0.0188936312
  151.301178  0.0198406782
  151.360001  0.0197213478
  151.418823  0.0207177978
  151.477646  0.018005468
  151.536469  0.0170592163
  151.595291  0.0202817246
  151.654114  0.0216816738
  151.712936  0.0162390135
  151.771759  0.0197062902
  151.830582  0.0180925038
  151.88942  0.0171756465
  151.948242  0.0187679362
  152.007065  0.01449853
  152.065887  0.0223614406
  152.12471  0.00952512119
  152.183533  0.000581144821
  152.242355  0.
  152.301178  0.
  152.360001  0.
  152.418823  0.
  152.477646  0.
  152.536469  0.
  152.595291  0.
  152.654114  0.
  152.712936  0.
  152.771759  0.
  152.830582  0.
  152.88942  0.
  152.948242  0.
  153.007065  0.
  153.065887  0.
     *       *   
  151.948624  0.
  152.007843  0.
  152.067062  0.
  152.126282  0.
  152.185486  0.
  152.244705  0.
  152.303925  0.
  152.363144  0.00753889559
  152.422348  0.0214087367
  152.481567  0.0270306002
  152.540787  0.0209567137
  152.600006  0.0188347287
  152.65921  0.0212155376
  152.71843  0.0199557114
  152.777649  0.0217742529
  152.836868  0.0159682669
  152.896072  0.0193935558
  152.955292  0.018423846
  153.014511  0.0187765155
  153.07373  0.0192727633
  153.132935  0.0153849423
  153.192154  0.0189162195
  153.251373  0.0257524066
  153.310593  0.0179024246
  153.369812  0.0162484609
  153.429016  0.0181218684
  153.488235  0.0217527505
  153.547455  0.0205860492
  153.606674  0.020788664
  153.665878  0.0181527343
  153.725098  0.0182177648
  153.784317  0.0205639992
  153.843536  0.0169433951
  153.90274  0.0186169557
  153.96196  0.0156989004
  154.021179  0.016152896
  154.080399  0.01750152
  154.139603  0.0201771576
  154.198822  0.0203741919
  154.258041  0.0256965179
  154.317261  0.0203527492
  154.376465  0.0252923258
  154.435684  0.0226021204
  154.494904  0.0231064316
  154.554123  0.0186023414
  154.613327  0.0178529229
  154.672546  0.0203129165
  154.731766  0.0211858116
  154.790985  0.0205386113
  154.850189  0.0168679729
  154.909409  0.0212130826
  154.968628  0.0182879865
  155.027847  0.0144021129
  155.087067  0.0161061753
  155.146271  0.0226992723
  155.20549  0.0177550185
  155.264709  0.0177050252
  155.323929  0.0201838929
  155.383133  0.0102366759
  155.442352  0.000596574857
  155.501572  0.
  155.560791  0.
  155.619995  0.
  155.679214  0.
  155.738434  0.
  155.797653  0.
  155.856857  0.
  155.916077  0.
  155.975296  0.
  156.034515  0.
  156.093719  0.
  156.152939  0.
  156.212158  0.
  156.271378  0.
  156.330582  0.
     *       *   
  155.198624  0.
  155.257843  0.
  155.317062  0.
  155.376282  0.
  155.435486  0.
  155.494705  0.
  155.553925  0.
  155.613144  0.00588039728
  155.672348  0.0195331592
  155.731567  0.0208712034
  155.790787  0.0194467306
  155.850006  0.022209594
  155.90921  0.0249041356
  155.96843  0.0224384479
  156.027649  0.020455664
  156.086868  0.0216294695
  156.146072  0.0171303265
  156.205292  0.022241842
  156.264511  0.018932661
  156.32373  0.0214991905
  156.382935  0.0214251615
  156.442154  0.0190625675
  156.501373  0.0209040549
  156.560593  0.0214075819
  156.619812  0.0160507802
  156.679016  0.0245437138
  156.738235  0.0186707713
  156.797455  0.0204621647
  156.856674  0.0187242292
  156.915878  0.0172672868
  156.975098  0.0202552583
  157.034317  0.0165011883
  157.093536  0.0183201972
  157.15274  0.0214414522
  157.21196  0.0215886943
  157.271179  0.0157961007
  157.330399  0.0208132602
  157.389603  0.0209142417
  157.448822  0.0165269393
  157.508041  0.0209575463
  157.567261  0.017847633
  157.626465  0.0199260172
  157.685684  0.0192293841
  157.744904  0.0193471648
  157.804123  0.0180263016
  157.863327  0.0178338774
  157.922546  0.0177587196
  157.981766  0.0183105301
  158.040985  0.0180499852
  158.100189  0.018411899
  158.159409  0.020605782
  158.218628  0.0156805348
  158.277847  0.0169208068
  158.337067  0.0161547698
  158.396271  0.0236718114
  158.45549  0.0203952342
  158.514709  0.0224837177
  158.573929  0.015631862
  158.633133  0.0146339787
  158.692352  0.000273908052
  158.751572  0.
  158.810791  0.
  158.869995  0.
  158.929214  0.
  158.988434  0.
  159.047653  0.
  159.106857  0.
  159.166077  0.
  159.225296  0.
  159.284515  0.
  159.343719  0.
  159.402939  0.
  159.462158  0.
  159.521378  0.
  159.580582  0.
     *       *   
  158.462936  0.
  158.521759  0.
  158.580582  0.
  158.63942  0.
  158.698242  0.
  158.757065  0.
  158.815887  0.000317321479
  158.87471  0.0116820708
  158.933533  0.0193572622
  158.992355  0.018397361
  159.051178  0.0167111196
  159.110001  0.0195390657
  159.168823  0.0163295753
  159.227646  0.0170595795
  159.286469  0.0227426738
  159.345291  0.0212960504
  159.404114  0.0161694326
  159.462936  0.0179611351
  159.521759  0.017347591
  159.580582  0.0216813665
  159.63942  0.0206196569
  159.698242  0.0197769869
  159.757065  0.0199995954
  159.815887  0.0220298022
  159.87471  0.020559743
  159.933533  0.0185758527
  159.992355  0.0171594005
  160.051178  0.0212119892
  160.110001  0.0212042574
  160.168823  0.0221677776
  160.227646  0.0220241435
  160.286469  0.021948237
  160.345291  0.0207693912
  160.404114  0.0184586514
  160.462936  0.0201252997
  160.521759  0.0143665932
  160.580582  0.0189325903
  160.63942  0.0194844902
  160.698242  0.0258539449
  160.757065  0.0174710751
  160.815887  0.0203260481
  160.87471  0.0163981896
  160.933533  0.0230502822
  160.992355  0.0176389404
  161.051178  0.0196249746
  161.110001  0.019086441
  161.168823  0.0187199619
  161.227646  0.0185220856
  161.286469  0.015525925
  161.345291  0.0195266511
  161.404114  0.0195154939
  161.462936  0.022824239
  161.521759  0.0149333188
  161.580582  0.0190579258
  161.63942  0.0216694083
  161.698242  0.0217674468
  161.757065  0.0207077656
  161.815887  0.0168948062
  161.87471  0.0143212499
  161.933533  0.000557761814
  161.992355  0.
  162.051178  0.
  162.110001  0.
  162.168823  0.
  162.227646  0.
  162.286469  0.
  162.345291  0.
  162.404114  0.
  162.462936  0.
  162.521759  0.
  162.580582  0.
  162.63942  0.
  162.698242  0.
  162.757065  0.
  162.815887  0.
     *       *   
  161.712936  0.
  161.771759  0.
  161.830582  0.
  161.88942  0.
  161.948242  0.
  162.007065  0.
  162.065887  0.000155718342
  162.12471  0.00787476636
  162.183533  0.0188217722
  162.242355  0.0205468126
  162.301178  0.0228316933
  162.360001  0.0207861364
  162.418823  0.0197294131
  162.477646  0.0195007324
  162.536469  0.0147411153
  162.595291  0.019720573
  162.654114  0.0205543432
  162.712936  0.0168062393
  162.771759  0.019856941
  162.830582  0.0199352764
  162.88942  0.0148742227
  162.948242  0.0187060293
  163.007065  0.0214754697
  163.065887  0.0223690607
  163.12471  0.0197744723
  163.183533  0.0208909176
  163.242355  0.0223607309
  163.301178  0.0182762239
  163.360001  0.0147815561
  163.418823  0.0163084194
  163.477646  0.0162965767
  163.536469  0.0169964172
  163.595291  0.0160906017
  163.654114  0.0191448815
  163.712936  0.0196499974
  163.771759  0.0239278544
  163.830582  0.0226347297
  163.88942  0.0193740092
  163.948242  0.0145863313
  164.007065  0.0162075311
  164.065887  0.021032935
  164.12471  0.0228415411
  164.183533  0.0174584389
  164.242355  0.0180892795
  164.301178  0.0225858856
  164.360001  0.0201654434
  164.418823  0.0233163759
  164.477646  0.0211446453
  164.536469  0.0231608767
  164.595291  0.0195287187
  164.654114  0.022867946
  164.712936  0.019369375
  164.771759  0.0194691941
  164.830582  0.0244961847
  164.88942  0.0230507869
  164.948242  0.0184916556
  165.007065  0.0199640505
  165.065887  0.016938325
  165.12471  0.00936762709
  165.183533  7.30899555E-05
  165.242355  0.
  165.301178  0.
  165.360001  0.
  165.418823  0.
  165.477646  0.
  165.536469  0.
  165.595291  0.
  165.654114  0.
  165.712936  0.
  165.771759  0.
  165.830582  0.
  165.88942  0.
  165.948242  0.
  166.007065  0.
  166.065887  0.
     *       *   
  164.952942  0.
  165.011765  0.
  165.070587  0.
  165.129425  0.
  165.188248  0.
  165.24707  0.
  165.305893  0.
  165.364716  0.00658154674
  165.423538  0.018416211
  165.482361  0.0178493354
  165.541183  0.0182877108
  165.600006  0.0170601625
  165.658829  0.0187319443
  165.717651  0.0205888767
  165.776474  0.0165242832
  165.835297  0.0235558655
  165.894119  0.0205792207
  165.952942  0.0173723027
  166.011765  0.0202014688
  166.070587  0.0222511608
  166.129425  0.0139444107
  166.188248  0.0194197483
  166.24707  0.0187749248
  166.305893  0.0259471294
  166.364716  0.022871986
  166.423538  0.0168254338
  166.482361  0.0210644007
  166.541183  0.0183945261
  166.600006  0.0154350502
  166.658829  0.0136242276
  166.717651  0.0228961036
  166.776474  0.0190262161
  166.835297  0.0204505175
  166.894119  0.0196524635
  166.952942  0.0229708776
  167.011765  0.0199546125
  167.070587  0.022347521
  167.129425  0.0149321491
  167.188248  0.0202034898
  167.24707  0.0150166955
  167.305893  0.0205458738
  167.364716  0.0234844461
  167.423538  0.0178226996
  167.482361  0.0224827174
  167.541183  0.0181543957
  167.600006  0.0166279301
  167.658829  0.0215138607
  167.717651  0.0188443027
  167.776474  0.022476539
  167.835297  0.0246923175
  167.894119  0.0227398612
  167.952942  0.0200602524
  168.011765  0.0193866845
  168.070587  0.0230015516
  168.129425  0.0227501784
  168.188248  0.0179972202
  168.24707  0.0189748611
  168.305893  0.017616678
  168.364716  0.00896401238
  168.423538  0.000111087676
  168.482361  0.
  168.541183  0.
  168.600006  0.
  168.658829  0.
  168.717651  0.
  168.776474  0.
  168.835297  0.
  168.894119  0.
  168.952942  0.
  169.011765  0.
  169.070587  0.
  169.129425  0.
  169.188248  0.
  169.24707  0.
  169.305893  0.
     *       *   
  168.19725  0.
  168.255692  0.
  168.314117  0.
  168.372543  0.
  168.430984  0.
  168.48941  0.
  168.547852  0.000417285715
  168.606277  0.0160149243
  168.664703  0.0157210324
  168.723145  0.0171748418
  168.78157  0.0206124261
  168.839996  0.0193609558
  168.898438  0.0173025597
  168.956863  0.0248370972
  169.015289  0.0175263043
  169.07373  0.0208818354
  169.132156  0.01722271
  169.190598  0.0205136817
  169.249023  0.0197698604
  169.307449  0.0202477667
  169.365891  0.0220246613
  169.424316  0.0185000002
  169.482742  0.0187625438
  169.541183  0.0175411832
  169.599609  0.0185042415
  169.658035  0.0192562249
  169.716476  0.0182840377
  169.774902  0.0184040274
  169.833328  0.0231504198
  169.891769  0.021287322
  169.950195  0.0232603382
  170.008636  0.0176654924
  170.067062  0.0216976199
  170.125488  0.014941901
  170.183929  0.020935433
  170.242355  0.0170761235
  170.300781  0.0199521743
  170.359222  0.0170830581
  170.417648  0.020911267
  170.476074  0.0196049977
  170.534515  0.0226041488
  170.592941  0.0159439594
  170.651367  0.0218550097
  170.709808  0.0231998283
  170.768234  0.0215482656
  170.826675  0.0228537917
  170.885101  0.0202109031
  170.943527  0.0151880989
  171.001968  0.0172554553
  171.060394  0.0152314445
  171.11882  0.0154132675
  171.177261  0.0246309098
  171.235687  0.0221056323
  171.294113  0.0146136498
  171.352554  0.0232956149
  171.41098  0.018677203
  171.469406  0.0208018832
  171.527847  0.0201243106
  171.586273  0.00779712852
  171.644714  0.000203213203
  171.70314  0.
  171.761566  0.
  171.820007  0.
  171.878433  0.
  171.936859  0.
  171.9953  0.
  172.053726  0.
  172.112152  0.
  172.170593  0.
  172.229019  0.
  172.28746  0.
  172.345886  0.
  172.404312  0.
  172.462753  0.
  172.521179  0.
     *       *   
  171.421555  0.
  171.479599  0.
  171.537643  0.
  171.595673  0.
  171.653717  0.
  171.711761  0.
  171.769791  0.000462147029
  171.827835  0.0103059383
  171.88588  0.0196594298
  171.943909  0.0216575898
  172.001953  0.0183843765
  172.059998  0.021160163
  172.118027  0.0227687303
  172.176071  0.0191224944
  172.234116  0.0209438447
  172.292145  0.0201373044
  172.350189  0.0148034859
  172.408234  0.0230591539
  172.466263  0.0154990312
  172.524307  0.0224354435
  172.582352  0.0185327716
  172.640381  0.0173878185
  172.698425  0.0169421993
  172.75647  0.021119114
  172.814499  0.0159940366
  172.872543  0.0191506408
  172.930588  0.0175929535
  172.988617  0.0198123492
  173.046661  0.0196620692
  173.104706  0.016372608
  173.162735  0.0224981122
  173.220779  0.0196525715
  173.278824  0.0204867274
  173.336853  0.0201874021
  173.394897  0.0154505027
  173.452942  0.0226366445
  173.510971  0.0201176573
  173.569016  0.0182190202
  173.627045  0.0221842416
  173.685089  0.0137554705
  173.743134  0.0179457292
  173.801163  0.0200404711
  173.859207  0.0178164411
  173.917252  0.0192641187
  173.975281  0.0200631581
  174.033325  0.0230235923
  174.09137  0.0188654047
  174.149399  0.0237029642
  174.207443  0.0190025438
  174.265488  0.0235232282
  174.323517  0.0220840331
  174.381561  0.0222418569
  174.439606  0.0203721728
  174.497635  0.0251406133
  174.555679  0.0137217259
  174.613724  0.0200363323
  174.671753  0.0177464262
  174.729797  0.0196819324
  174.787842  0.00757319387
  174.845871  0.
  174.903915  0.
  174.96196  0.
  175.019989  0.
  175.078033  0.
  175.136078  0.
  175.194107  0.
  175.252151  0.
  175.310196  0.
  175.368225  0.
  175.42627  0.
  175.484314  0.
  175.542343  0.
  175.600388  0.
  175.658432  0.
  175.716461  0.
     *       *   
  174.630203  0.
  174.687454  0.
  174.744705  0.
  174.801956  0.
  174.859222  0.
  174.916473  0.
  174.973724  0.00262324116
  175.030975  0.0132175991
  175.088242  0.0138755329
  175.145493  0.019591894
  175.202744  0.0206515398
  175.259995  0.0196409989
  175.317261  0.019005863
  175.374512  0.0221841484
  175.431763  0.0124546196
  175.489014  0.0257485546
  175.54628  0.0167883243
  175.603531  0.0207775496
  175.660782  0.0219714269
  175.718033  0.0184280463
  175.775299  0.026173519
  175.83255  0.0204105191
  175.889801  0.0187507533
  175.947067  0.0238990821
  176.004318  0.0187463872
  176.061569  0.0221754238
  176.11882  0.0211660098
  176.176086  0.0169035606
  176.233337  0.0192948915
  176.290588  0.0161232799
  176.347839  0.0206957944
  176.405106  0.0204288997
  176.462357  0.0137602203
  176.519608  0.0225600842
  176.576859  0.0220123976
  176.634125  0.0244194847
  176.691376  0.0170935337
  176.748627  0.0184944049
  176.805878  0.0204507448
  176.863144  0.0205196515
  176.920395  0.0195629094
  176.977646  0.0175347552
  177.034897  0.0194521844
  177.092163  0.0224912241
  177.149414  0.0200484153
  177.206665  0.0207314435
  177.263916  0.0206092875
  177.321182  0.0172419753
  177.378433  0.0178254806
  177.435684  0.0220116097
  177.492935  0.0212093629
  177.550201  0.018754391
  177.607452  0.0159541611
  177.664703  0.0165876802
  177.72197  0.0193394236
  177.779221  0.0180002451
  177.836472  0.0211429819
  177.893723  0.0143862264
  177.950989  0.00607833592
  178.00824  0.
  178.065491  0.
  178.122742  0.
  178.180008  0.
  178.237259  0.
  178.29451  0.
  178.351761  0.
  178.409027  0.
  178.466278  0.
  178.523529  0.
  178.58078  0.
  178.638046  0.
  178.695297  0.
  178.752548  0.
  178.809799  0.
  178.867065  0.
     *       *   
