  -200.00000     0.00000     0.00000  -200.00000     0.00000
  -136.00000     0.00000     0.00000  -136.00000     0.00000
  -136.00000     0.00000     0.00000  -136.00000     0.00000
  -135.23271     0.00089     0.13322  -135.23271     0.00089
  -134.46542     0.00356     0.26644  -134.46542     0.00356
  -133.69815     0.00803     0.39966  -133.69815     0.00803
  -132.93089     0.01428     0.53288  -132.93089     0.01428
  -132.16364     0.02231     0.66610  -132.16364     0.02231
  -131.39642     0.03212     0.79932  -131.39642     0.03212
  -130.62921     0.04371     0.93254  -130.62921     0.04371
  -129.86205     0.05708     1.06576  -129.86205     0.05708
  -129.09491     0.07225     1.19897  -129.09491     0.07225
  -128.32780     0.08920     1.33219  -128.32780     0.08920
  -127.56075     0.10793     1.46541  -127.56075     0.10793
  -126.79373     0.12844     1.59863  -126.79373     0.12844
  -126.02676     0.15075     1.73185  -126.02676     0.15075
  -125.25986     0.17482     1.86507  -125.25986     0.17482
  -124.49300     0.20069     1.99829  -124.49300     0.20069
  -123.72621     0.22832     2.13151  -123.72621     0.22832
  -122.95949     0.25777     2.26473  -122.95949     0.25777
  -122.19283     0.28897     2.39795  -122.19283     0.28897
  -121.42625     0.32197     2.53117  -121.42625     0.32197
  -120.65975     0.35675     2.66439  -120.65975     0.35675
  -119.89334     0.39329     2.79761  -119.89334     0.39329
  -119.12701     0.43165     2.93083  -119.12701     0.43165
  -118.36077     0.47177     3.06405  -118.36077     0.47177
  -117.59463     0.51367     3.19727  -117.59463     0.51367
  -116.82858     0.55736     3.33049  -116.82858     0.55736
  -116.06264     0.60281     3.46371  -116.06264     0.60281
  -115.29681     0.65006     3.59692  -115.29681     0.65006
  -114.53109     0.69909     3.73014  -114.53109     0.69909
  -113.76549     0.74990     3.86336  -113.76549     0.74990
  -113.00000     0.80250     3.99658  -113.00000     0.80250
   -82.00000     2.96837     3.99658   -82.00000     2.96837
   -82.00000     2.96837     3.99658   -82.00000     2.96837
   -80.66891     3.05940     3.82671   -80.66891     3.05940
   -79.33755     3.14647     3.65683   -79.33755     3.14647
   -78.00595     3.22959     3.48696   -78.00595     3.22959
   -76.67410     3.30877     3.31708   -76.67410     3.30877
   -75.34203     3.38398     3.14721   -75.34203     3.38398
   -74.00974     3.45527     2.97733   -74.00974     3.45527
   -72.67723     3.52259     2.80745   -72.67723     3.52259
   -71.34454     3.58595     2.63758   -71.34454     3.58595
   -70.01167     3.64539     2.46770   -70.01167     3.64539
   -68.67862     3.70085     2.29783   -68.67862     3.70085
   -67.34541     3.75235     2.12795   -67.34541     3.75235
   -66.01206     3.79993     1.95808   -66.01206     3.79993
   -64.67858     3.84355     1.78820   -64.67858     3.84355
   -63.34497     3.88319     1.61832   -63.34497     3.88319
   -62.01125     3.91889     1.44845   -62.01125     3.91889
   -60.67743     3.95065     1.27857   -60.67743     3.95065
   -59.34352     3.97844     1.10870   -59.34352     3.97844
   -58.00953     4.00228     0.93882   -58.00953     4.00228
   -56.67548     4.02215     0.76895   -56.67548     4.02215
   -55.34138     4.03809     0.59907   -55.34138     4.03809
   -54.00723     4.05005     0.42920   -54.00723     4.05005
   -52.67306     4.05807     0.25932   -52.67306     4.05807
   -51.33886     4.06215     0.08945   -51.33886     4.06215
   -50.00467     4.06223    -0.08043   -50.00467     4.06223
   -48.67047     4.05839    -0.25031   -48.67047     4.05839
   -47.33630     4.05059    -0.42018   -47.33630     4.05059
   -46.00215     4.03881    -0.59006   -46.00215     4.03881
   -44.66804     4.02309    -0.75993   -44.66804     4.02309
   -43.33399     4.00343    -0.92981   -43.33399     4.00343
   -42.00000     3.97980    -1.09968   -42.00000     3.97980
    -0.64911     3.18605    -1.09968    -0.64911     3.18605
    -0.64911     3.18604    -1.09968    -0.65658     3.18527
     4.47216     3.13533    -0.03493     4.52241     3.09921
     9.59348     3.17980     1.02982     9.69980     3.01361
    14.71309     3.31943     2.09457    14.87560     2.92850
    19.82923     3.55416     3.15932    20.04983     2.84390
    24.94012     3.88391     4.22408    25.22249     2.75986
    30.04400     4.30860     5.28883    30.39360     2.67639
    35.13911     4.82804     6.35358    35.56317     2.59351
    40.22368     5.44208     7.41833    40.73120     2.51126
    45.29597     6.15050     8.48308    45.89773     2.42969
    50.35421     6.95304     9.54783    51.06276     2.34882
    55.39668     7.84945    10.61258    56.22630     2.26865
    60.42160     8.83939    11.67734    61.38836     2.18918
    65.42727     9.92254    12.74209    66.54896     2.11053
    70.41194    11.09852    13.80684    71.70812     2.03265
    75.37391    12.36694    14.87159    76.86587     1.95560
    80.31144    13.72733    15.93634    82.02219     1.87939
    85.22285    15.17923    17.00109    87.17715     1.80408
    90.10643    16.72215    18.06584    92.33072     1.72964
    94.96049    18.35556    19.13060    97.48293     1.65613
    99.78336    20.07887    20.19535   102.63379     1.58356
   104.57338    21.89153    21.26010   107.78336     1.51199
   109.32888    23.79286    22.32485   112.93159     1.44138
   114.04823    25.78224    23.38960   118.07859     1.37183
   118.72980    27.85898    24.45435   123.22429     1.30328
   123.37197    30.02236    25.51910   128.36877     1.23584
   127.97314    32.27161    26.58386   133.51199     1.16943
   132.53172    34.60598    27.64861   138.65405     1.10419
   137.04614    37.02466    28.71336   143.79494     1.04004
   141.51483    39.52681    29.77811   148.93465     0.97705
   145.93623    42.11158    30.84286   154.07321     0.91528
   150.30887    44.77803    31.90761   159.21069     0.85464
   154.63120    47.52530    32.97236   164.34708     0.79526
   158.90172    50.35241    34.03712   169.48236     0.73709
   163.11897    53.25839    35.10187   174.61662     0.68018
   167.28149    56.24223    36.16662   179.74988     0.62454
   171.38786    59.30290    37.23137   184.88216     0.57022
   175.43665    62.43935    38.29612   190.01341     0.51715
   179.42644    65.65049    39.36087   195.14374     0.46545
   183.35587    68.93523    40.42562   200.27315     0.41510
   187.22359    72.29240    41.49038   205.40163     0.36609
   191.02824    75.72089    42.55513   210.52927     0.31848
   194.76855    79.21947    43.61988   215.65607     0.27225
   198.44321    82.78695    44.68463   220.78203     0.22742
   202.05092    86.42209    45.74938   225.90720     0.18402
   205.59045    90.12366    46.81413   231.03159     0.14206
   209.06061    93.89034    47.87888   236.15526     0.10156
   212.46016    97.72089    48.94363   241.27821     0.06253
   215.78795   101.61391    50.00839   246.40044     0.02493
   219.04283   105.56812    51.07314   251.52205    -0.01114
   222.22366   109.58213    52.13789   256.64304    -0.04572
   225.32936   113.65454    53.20264   261.76331    -0.07880
   228.35883   117.78397    54.26739   266.88309    -0.11032
   231.31107   121.96899    55.33214   272.00229    -0.14035
   234.18501   126.20813    56.39690   277.12103    -0.16879
   236.97969   130.49994    57.46165   282.23917    -0.19571
   239.69412   134.84296    58.52640   287.35684    -0.22107
   242.32739   139.23564    59.59115   292.47415    -0.24484
   244.87859   143.67653    60.65590   297.59106    -0.26703
   247.34682   148.16403    61.72065   302.70749    -0.28766
   249.73123   152.69664    62.78540   307.82364    -0.30667
   252.03101   157.27278    63.85015   312.93945    -0.32410
   254.24535   161.89085    64.91491   318.05490    -0.33990
   256.37347   166.54927    65.97966   323.17010    -0.35410
   258.41470   171.24644    67.04441   328.28513    -0.36673
   260.36829   175.98073    68.10916   333.39993    -0.37769
   262.23355   180.75050    69.17391   338.51450    -0.38705
   264.00986   185.55411    70.23866   343.62897    -0.39478
   265.69659   190.38989    71.30341   348.74326    -0.40088
   267.29318   195.25618    72.36816   353.85739    -0.40536
   268.79907   200.15131    73.43291   358.97162    -0.40820
   270.21375   205.07358    74.49767   364.08572    -0.40942
   271.53671   210.02127    75.56242   369.19989    -0.40900
   272.76749   214.99269    76.62717   374.31390    -0.40695
   273.90567   219.98615    77.69193   379.42825    -0.40323
   274.95087   224.99988    78.75668   384.54242    -0.39792
   274.93536   224.92186    78.75670   384.54254    -0.39803
   284.38074   272.43597    78.75670   432.98633    -0.32626
   293.82611   319.95010    78.75670   481.43008    -0.25448
   303.27148   367.46423    78.75670   529.87390    -0.18270
   312.71683   414.97818    78.75670   578.31763    -0.11096
   322.16220   462.49231    78.75670   626.76141    -0.03918
   331.60757   510.00641    78.75670   675.20520     0.03259
   341.05295   557.52051    78.75670   723.64893     0.10436
   350.49829   605.03448    78.75670   772.09277     0.17611
   359.94366   652.54865    78.75670   820.53650     0.24789
   369.38904   700.06274    78.75670   868.98029     0.31966
