  -200.00000     0.00000     0.00000  -200.00000     0.00000
  -136.00000     0.00000     0.00000  -136.00000     0.00000
  -136.00000     0.00000     0.00000  -136.00000     0.00000
  -135.23271     0.00089     0.13322  -135.23271     0.00089
  -134.46542     0.00356     0.26644  -134.46542     0.00356
  -133.69815     0.00803     0.39966  -133.69815     0.00803
  -132.93089     0.01428     0.53288  -132.93089     0.01428
  -132.16364     0.02231     0.66610  -132.16364     0.02231
  -131.39642     0.03212     0.79932  -131.39642     0.03212
  -130.62921     0.04371     0.93254  -130.62921     0.04371
  -129.86205     0.05708     1.06576  -129.86205     0.05708
  -129.09491     0.07225     1.19897  -129.09491     0.07225
  -128.32780     0.08920     1.33219  -128.32780     0.08920
  -127.56075     0.10793     1.46541  -127.56075     0.10793
  -126.79373     0.12844     1.59863  -126.79373     0.12844
  -126.02676     0.15075     1.73185  -126.02676     0.15075
  -125.25986     0.17482     1.86507  -125.25986     0.17482
  -124.49300     0.20069     1.99829  -124.49300     0.20069
  -123.72621     0.22832     2.13151  -123.72621     0.22832
  -122.95949     0.25777     2.26473  -122.95949     0.25777
  -122.19283     0.28897     2.39795  -122.19283     0.28897
  -121.42625     0.32197     2.53117  -121.42625     0.32197
  -120.65975     0.35675     2.66439  -120.65975     0.35675
  -119.89334     0.39329     2.79761  -119.89334     0.39329
  -119.12701     0.43165     2.93083  -119.12701     0.43165
  -118.36077     0.47177     3.06405  -118.36077     0.47177
  -117.59463     0.51367     3.19727  -117.59463     0.51367
  -116.82858     0.55736     3.33049  -116.82858     0.55736
  -116.06264     0.60281     3.46371  -116.06264     0.60281
  -115.29681     0.65006     3.59692  -115.29681     0.65006
  -114.53109     0.69909     3.73014  -114.53109     0.69909
  -113.76549     0.74990     3.86336  -113.76549     0.74990
  -113.00000     0.80250     3.99658  -113.00000     0.80250
   -82.00000     2.96837     3.99658   -82.00000     2.96837
   -82.00000     2.96837     3.99658   -82.00000     2.96837
   -80.66891     3.05940     3.82671   -80.66891     3.05940
   -79.33755     3.14647     3.65683   -79.33755     3.14647
   -78.00595     3.22959     3.48696   -78.00595     3.22959
   -76.67410     3.30877     3.31708   -76.67410     3.30877
   -75.34203     3.38398     3.14721   -75.34203     3.38398
   -74.00974     3.45527     2.97733   -74.00974     3.45527
   -72.67723     3.52259     2.80745   -72.67723     3.52259
   -71.34454     3.58595     2.63758   -71.34454     3.58595
   -70.01167     3.64539     2.46770   -70.01167     3.64539
   -68.67862     3.70085     2.29783   -68.67862     3.70085
   -67.34541     3.75235     2.12795   -67.34541     3.75235
   -66.01206     3.79993     1.95808   -66.01206     3.79993
   -64.67858     3.84355     1.78820   -64.67858     3.84355
   -63.34497     3.88319     1.61832   -63.34497     3.88319
   -62.01125     3.91889     1.44845   -62.01125     3.91889
   -60.67743     3.95065     1.27857   -60.67743     3.95065
   -59.34352     3.97844     1.10870   -59.34352     3.97844
   -58.00953     4.00228     0.93882   -58.00953     4.00228
   -56.67548     4.02215     0.76895   -56.67548     4.02215
   -55.34138     4.03809     0.59907   -55.34138     4.03809
   -54.00723     4.05005     0.42920   -54.00723     4.05005
   -52.67306     4.05807     0.25932   -52.67306     4.05807
   -51.33886     4.06215     0.08945   -51.33886     4.06215
   -50.00467     4.06223    -0.08043   -50.00467     4.06223
   -48.67047     4.05839    -0.25031   -48.67047     4.05839
   -47.33630     4.05059    -0.42018   -47.33630     4.05059
   -46.00215     4.03881    -0.59006   -46.00215     4.03881
   -44.66804     4.02309    -0.75993   -44.66804     4.02309
   -43.33399     4.00343    -0.92981   -43.33399     4.00343
   -42.00000     3.97980    -1.09968   -42.00000     3.97980
    -0.64911     3.18605    -1.09968    -0.64911     3.18605
    -0.64911     3.18605    -1.09968    -0.65658     3.18530
     4.47368     3.13530    -0.03539     4.52395     3.09915
     9.59654     3.17972     1.02891     9.70288     3.01343
    14.71768     3.31929     2.09321    14.88022     2.92813
    19.83535     3.55395     3.15751    20.05598     2.84326
    24.94778     3.88362     4.22180    25.23017     2.75888
    30.05320     4.30821     5.28610    30.40279     2.67499
    35.14985     4.82755     6.35040    35.57386     2.59164
    40.23598     5.44146     7.41469    40.74340     2.50888
    45.30983     6.14975     8.47899    45.91141     2.42670
    50.36965     6.95215     9.54329    51.07790     2.34512
    55.41369     7.84840    10.60759    56.24289     2.26422
    60.44021     8.83819    11.67188    61.40639     2.18396
    65.44748     9.92117    12.73618    66.56843     2.10443
    70.43377    11.09697    13.80048    71.72900     2.02563
    75.39736    12.36517    14.86477    76.88811     1.94754
    80.33654    13.72536    15.92907    82.04583     1.87027
    85.24960    15.17707    16.99337    87.20211     1.79382
    90.13485    16.71977    18.05766    92.35699     1.71817
    94.99060    18.35295    19.12196    97.51051     1.64340
    99.81518    20.07605    20.18626   102.66264     1.56952
   104.60692    21.88846    21.25056   107.81345     1.49655
   109.36417    23.78956    22.31485   112.96292     1.42450
   114.08529    25.77869    23.37915   118.11109     1.35339
   118.76864    27.85516    24.44345   123.25795     1.28329
   123.41262    30.01828    25.50775   128.40355     1.21417
   128.01562    32.26728    26.57204   133.54790     1.14609
   132.57605    34.60140    27.63634   138.69104     1.07907
   137.09233    37.01981    28.70064   143.83293     1.01312
   141.56293    39.52169    29.76493   148.97363     0.94824
   145.98628    42.10619    30.82923   154.11319     0.88452
   150.36086    44.77240    31.89353   159.25157     0.82190
   154.68515    47.51939    32.95782   164.38882     0.76044
   158.95769    50.34626    34.02212   169.52501     0.70020
   163.17697    53.25197    35.08642   174.66006     0.64111
   167.34157    56.23556    36.15072   179.79410     0.58325
   171.45000    59.29600    37.21502   184.92705     0.52664
   175.50090    62.43221    38.27931   190.05904     0.47128
   179.49284    65.64314    39.34361   195.19003     0.41721
   183.42445    68.92766    40.40791   200.32002     0.36441
   187.29439    72.28462    41.47220   205.44908     0.31293
   191.10129    75.71290    42.53650   210.57721     0.26276
   194.84386    79.21130    43.60080   215.70447     0.21396
   198.52080    82.77859    44.66510   220.83084     0.16650
   202.13086    86.41360    45.72939   225.95641     0.12042
   205.67276    90.11501    46.79369   231.08110     0.07574
   209.14529    93.88157    47.85799   236.20503     0.03247
   212.54729    97.71200    48.92228   241.32819    -0.00940
   215.87755   101.60493    49.98658   246.45061    -0.04984
   219.13490   105.55907    51.05088   251.57231    -0.08881
   222.31827   109.57304    52.11518   256.69333    -0.12634
   225.42651   113.64542    53.17947   261.81366    -0.16238
   228.45859   117.77484    54.24377   266.93335    -0.19696
   231.41342   121.95987    55.30807   272.05246    -0.23001
   234.29004   126.19907    56.37236   277.17102    -0.26157
   237.08740   130.49095    57.43666   282.28897    -0.29163
   239.80457   134.83406    58.50095   287.40643    -0.32013
   242.44058   139.22687    59.56525   292.52332    -0.34714
   244.99455   143.66789    60.62954   297.63983    -0.37256
   247.46559   148.15558    61.69384   302.75583    -0.39645
   249.85284   152.68840    62.75813   307.87143    -0.41876
   252.15550   157.26479    63.82243   312.98663    -0.43954
   254.37276   161.88313    64.88672   318.10153    -0.45871
   256.50385   166.54189    65.95101   323.21606    -0.47632
   258.54803   171.23941    67.01530   328.33029    -0.49234
   260.50461   175.97409    68.07960   333.44427    -0.50674
   262.37289   180.74431    69.14389   338.55795    -0.51956
   264.15225   185.54840    70.20819   343.67139    -0.53079
   265.84210   190.38470    71.27248   348.78482    -0.54041
   267.44180   195.25157    72.33678   353.89792    -0.54843
   268.95084   200.14731    73.40107   359.01096    -0.55481
   270.36868   205.07022    74.46536   364.12390    -0.55960
   271.69482   210.01863    75.52966   369.23672    -0.56277
   272.92883   214.99083    76.59395   374.34946    -0.56433
   274.07028   219.98508    77.65824   379.46231    -0.56427
   275.09680   224.88953    78.72260   384.58569    -0.56268
   284.57043   272.39795    78.72260   433.02948    -0.51973
   294.04407   319.90637    78.72260   481.47324    -0.47678
   303.51770   367.41476    78.72260   529.91699    -0.43384
   312.99133   414.92319    78.72260   578.36078    -0.39092
   322.46497   462.43161    78.72260   626.80457    -0.34797
   331.93860   509.94003    78.72260   675.24835    -0.30503
   341.41226   557.44861    78.72260   723.69214    -0.26208
   350.88586   604.95685    78.72260   772.13586    -0.21916
   360.35953   652.46539    78.72260   820.57971    -0.17622
   369.83316   699.97382    78.72260   869.02344    -0.13327
