  3.18993735  1.19746745
  3.29491115  1.68632329
  3.4021194  2.17469358
  3.51189494  2.66249323
  3.62461662  3.14962053
  3.74070811  3.6359551
  3.86065817  4.12135172
  3.98501277  4.6056385
  4.11440992  5.08860159
  4.24955654  5.56998634
  4.39128876  6.04947186
  4.54054594  6.52666569
  4.69849062  7.00105238
  4.86642981  7.47198963
  5.04603863  7.93859529
  5.23918915  8.39975166
  5.44839287  8.85383797
  5.67644548  9.29873562
  5.92730856  9.73114204
  6.20536041  10.1465321
  6.51611948  10.5379286
  6.86596155  10.8946352
  7.25802994  11.2040844
  7.6915679  11.4517603
  8.16036224  11.6231575
  8.65233898  11.7068357
  9.15124702  11.6967335
  9.63950729  11.5934973
  10.101449  11.4043484
  10.5259953  11.1415033
  10.9080677  10.8197517
  11.2475977  10.4531908
  11.5482683  10.0539732
  11.8164406  9.63213444
  12.0567904  9.19380093
  12.2734566  8.74325466
  12.4698591  8.28349495
  12.6486206  7.81657934
  12.8120403  7.34406614
  12.9618988  6.86707306
  13.0998077  6.38648319
  13.2270699  5.90296221
  13.3448782  5.41704893
  13.4542122  4.92915678
  13.5559797  4.43962908
  13.6509485  3.94873595
  13.7398338  3.4567039
  13.8232479  2.96371412
  13.901762  2.46991944
  13.9758701  1.97544384
  14.0460348  1.48039305
  15.5669527 -10.
     *    *
  3.18993735  1.19746745
  3.29440212  1.68643272
  3.39998507  2.17515755
  3.50685287  2.66360307
  3.61519551  3.15172362
  3.7252264  3.63946629
  3.83719158  4.12676859
  3.95136714  4.61355686
  4.06807613  5.09974384
  4.18767929  5.58522749
  4.31060266  6.06988001
  4.4373312  6.5535512
  4.56846714  7.03604555
  4.70469904  7.51712465
  4.84691286  7.99646854
  4.99614668  8.47367001
  5.15384674  8.94813824
  5.32171011  9.41910076
  5.50229216  9.88532448
  5.69865561  10.3451061
  5.9158392  10.7953882
  6.1595459  11.2318316
  6.43535662  11.6486492
  6.74808884  12.0384274
  7.09968805  12.3934784
  7.48779058  12.7081861
  7.90852594  12.9776888
  8.35712624  13.1976862
  8.82791901  13.3649998
  9.31476879  13.477314
  9.81128597  13.5330582
  10.3109188  13.5314293
  10.8070564  13.4724121
  11.2931261  13.3567791
  11.7626991  13.1860809
  12.2095776  12.9626169
  12.6280365  12.6896
  13.0132627  12.3713827
  13.3613386  12.0128851
  13.6699991  11.6198769
  13.9414301  11.2001953
  14.180521  10.7612076
  14.3927374  10.3085651
  14.5836172  9.84648132
  14.7578716  9.37785912
  14.9184122  8.90435219
  15.0676804  8.42716599
  15.2073088  7.94706774
  15.3387022  7.46464825
  15.4628897  6.98032188
  15.5807819  6.49442387
  15.6930952  6.00720453
  15.8004751  5.51887417
  15.9034443  5.02959347
  16.0024815  4.53950119
  16.0979881  4.04870796
  16.1903343  3.55731058
  16.2798386  3.06538773
  16.3667946  2.57300782
  16.451458  2.08022833
  16.5340633  1.58709979
  16.6148186  1.093665
  18.4105911 -10.
     *    *
  3.18993735  1.19746745
  3.29423261  1.68646884
  3.39927316  2.17531085
  3.50517058  2.66396761
  3.61205173  3.15241003
  3.72005939  3.64060497
  3.82935739  4.12851238
  3.94013047  4.61608696
  4.05259466  5.10327435
  4.16699219  5.59001112
  4.28360987  6.07622051
  4.40277147  6.5618124
  4.52488232  7.04667139
  4.65040874  7.53065634
  4.77994871  8.01358223
  4.91421127  8.49521637
  5.05418682  8.97521877
  5.20107555  9.45314789
  5.35668039  9.92830658
  5.52324152  10.3997269
  5.70453215  10.8656645
  5.90485859  11.3237143
  6.12889099  11.7706108
  6.38101768  12.2022371
  6.66316938  12.6148453
  6.97494268  13.0055408
  7.31534433  13.3715572
  7.68263435  13.7105818
  8.0747633  14.0205383
  8.48950195  14.2995176
  8.92444134  14.5458202
  9.37703419  14.7579412
  9.84461594  14.9345856
  10.3244219  15.074666
  10.8136015  15.1773252
  11.3092451  15.2419281
  11.8083963  15.2680731
  12.3080759  15.2555923
  12.8052979  15.2045527
  13.2970915  15.1152534
  13.7805166  14.9882259
  14.2526827  14.8242283
  14.7107687  14.6242466
  15.1520405  14.3894806
  15.5738649  14.1213388
  15.973732  13.821435
  16.349287  13.4915924
  16.6983471  13.1338291
  17.0189457  12.750349
  17.309761  12.3438082
  17.5701065  11.9171
  17.8007793  11.4736137
  18.0056458  11.0175896
  18.1893826  10.5526218
  18.3562584  10.0813208
  18.5103016  9.60565758
  18.6540928  9.126791
  18.7895298  8.64549065
  18.9179668  8.16227341
  19.0404491  7.67751169
  19.1577835  7.19147682
  19.2706223  6.70437717
  19.3795033  6.21637774
  19.4848804  5.72760868
  19.587141  5.23817873
  19.6866169  4.74817467
  19.7835979  4.25767136
  19.8783455  3.76673055
  19.9710846  3.27540684
  20.0620155  2.78374553
  20.1513252  2.29178643
  20.239172  1.79956424
  20.3257065  1.30710924
  22.2820263 -10.
     *    *
  3.18993735  1.19746745
  3.29414773  1.68648708
  3.39891696  2.17538738
  3.5043292  2.66414952
  3.61047959  3.15275168
  3.7174747  3.64116955
  3.82543802  4.12937403
  3.93450832  4.61733198
  4.04484844  5.10500574
  4.1566391  5.5923481
  4.2700963  6.07930517
  4.38546515  6.56581306
  4.50304985  7.05178928
  4.62320232  7.53713751
  4.74637318  8.02172756
  4.87310028  8.5053978
  5.00413418  8.98791981
  5.14039612  9.46898937
  5.28327608  9.94813347
  5.43452644  10.424695
  5.59711456  10.8975
  5.77443838  11.3649635
  5.9703145  11.8249397
  6.18840647  12.2747841
  6.43032837  12.7122679
  6.69620228  13.1356144
  6.98571157  13.5431623
  7.29804945  13.9334888
  7.63227367  14.3052464
  7.98733187  14.6571598
  8.36208153  14.9880238
  8.75530529  15.2967052
  9.1657114  15.5821438
  9.59194469  15.843358
  10.0325899  16.0794506
  10.4861774  16.289608
  10.9511871  16.4731102
  11.4260588  16.6293278
  11.9091969  16.757719
  12.3989754  16.8578434
  12.8937416  16.9293575
  13.3918266  16.9720097
  13.8915462  16.9856529
  14.3912153  16.9702358
  14.8891439  16.925808
  15.3836489  16.8525162
  15.8730583  16.7506065
  16.3557167  16.6204262
  16.8299923  16.4624081
  17.2942848  16.2770882
  17.7470169  16.0650997
  18.1866646  15.827158
  18.611742  15.5640669
  19.0208149  15.276721
  19.4125023  14.9660959
  19.7854843  14.6332436
  20.1385098  14.279294
  20.4703903  13.905447
  20.7800274  13.5129795
  21.0664272  13.1032448
  21.3287411  12.6776838
  21.5666561  12.2380114
  21.7803116  11.7860451
  21.9715252  11.3241129
  22.144022  10.854847
  22.3015327  10.3803263
  22.4473782  9.90208244
  22.5843697  9.42122269
  22.7141666  8.93836975
  22.83811  8.45397854
  22.9570866  7.96834373
  23.0718403  7.48169184
  23.182909  6.99418592
  23.2907677  6.50595856
  23.3957825  6.01711178
  23.4982796  5.52773094
  23.5985298  5.03788424
  23.6967735  4.54763174
  23.7932148  4.05702066
  23.8880386  3.56609464
  23.9814072  3.07488966
  24.0734692  2.58343768
  24.1643505  2.09176612
  24.2541695  1.59989977
  24.3430309  1.10785961
  26.3347607 -10.
     *    *
  3.18993735  1.19746745
  3.29409647  1.68649793
  3.3987031  2.17543292
  3.503824  2.66425729
  3.60953522  3.15295458
  3.71592283  3.64150524
  3.82308531  4.12988663
  3.93113351  4.61807299
  4.04019785  5.10603285
  4.15042353  5.5937314
  4.26198292  6.08112669
  4.37507296  6.56816912
  4.48993731  7.05479574
  4.60685873  7.54093218
  4.72619915  8.02648067
  4.84839058  8.51131916
  4.97403717  8.99527168
  5.10388517  9.47811508
  5.23906279  9.95949078
  5.38100672  10.4389124
  5.53215122  10.9155054
  5.69529295  11.3881168
  5.87362099  11.855197
  6.07020283  12.3148785
  6.28640223  12.7656603
  6.52250528  13.2063398
  6.77842283  13.6358147
  7.05372429  14.0531292
  7.34789991  14.4573603
  7.66036797  14.8476238
  7.99049807  15.2230635
  8.33761597  15.5828562
  8.70100117  15.9262094
  9.07989407  16.2523708
  9.47349644  16.5606213
  9.88097382  16.8502827
  10.3014555  17.1207199
  10.7340431  17.3713379
  11.1778069  17.6015854
  11.6317911  17.8109646
  12.0950174  17.999012
  12.5664864  18.1653175
  13.0451784  18.3095207
  13.5300598  18.431303
  14.0200815  18.5303993
  14.5141821  18.6065903
  15.0112925  18.6597042
  15.5103359  18.6896267
  16.010231  18.6962872
  16.5098953  18.6796665
  17.0082436  18.6397972
  17.5041962  18.5767651
  17.9966717  18.4907036
  18.4846039  18.3817959
  18.9669361  18.2502766
  19.4426174  18.0964317
  19.910614  17.9205971
  20.3699131  17.7231483
  20.8195133  17.5045166
  21.2584419  17.2651749
  21.6857395  17.0056438
  22.1004791  16.7264824
  22.5017624  16.4283028
  22.8887196  16.1117496
  23.2605076  15.7775164
  23.6163292  15.4263296
  23.9554119  15.0589552
  24.2770233  14.6761932
  24.580471  14.2788782
  24.8651028  13.8678732
  25.1303196  13.4440804
  25.3755932  13.0084419
  25.600544  12.5619669
  25.8052692  12.1058578
  25.990284  11.6413975
  26.1578922  11.1703596
  26.3113689  10.6945181
  26.4536686  10.2152071
  26.5874557  9.73344517
  26.7146435  9.249897
  26.8364658  8.76496792
  26.9538708  8.27894878
  27.0675201  7.79203701
  27.1779499  7.30438471
  27.2855663  6.81610441
  27.3907204  6.32728767
  27.4936905  5.83800602
  27.5947227  5.34832048
  27.6940269  4.85828114
  27.7917824  4.36793041
  27.8881454  3.87730408
  27.9832592  3.38643456
  28.0772476  2.89534783
  28.1702232  2.40406847
  28.2622833  1.91261697
  28.3535233  1.42101204
  30.4505196 -10.
     *    *
  3.18993735  1.19746745
  3.29406285  1.6865052
  3.39856124  2.17546344
  3.50348806  2.66432977
  3.60890722  3.15309024
  3.71488976  3.64172864
  3.82151771  4.13022661
  3.92888451  4.61856318
  4.03709793  5.10671282
  4.14627981  5.59464693
  4.25657368  6.0823307
  4.36814356  6.56972313
  4.48119354  7.05677509
  4.59595823  7.54342508
  4.7127409  8.02959538
  4.83190393  8.51518822
  4.95395041  9.0000639
  5.07950783  9.48404217
  5.20952511  9.96683884
  5.34521818  10.4480696
  5.48864794  10.9270468
  5.64218712  11.4028721
  5.80856276  11.8743534
  5.99039841  12.3400803
  6.18886518  12.7989635
  6.40429354  13.2501307
  6.63668728  13.6927977
  6.88579321  14.1262789
  7.15130568  14.5499096
  7.43286943  14.9630461
  7.73009872  15.3650579
  8.0425787  15.7553339
  8.36986828  16.133276
  8.71149731  16.4983082
  9.06696987  16.8498726
  9.43576908  17.1874313
  9.81735039  17.5104713
  10.2111483  17.8185005
  10.6165781  18.1110497
  11.0330353  18.3876762
  11.459897  18.6479607
  11.8965244  18.8915081
  12.3422632  19.1179504
  12.7964458  19.3269424
  13.2583895  19.5181656
  13.7274027  19.69133
  14.2027807  19.8461666
  14.6838093  19.982439
  15.1697645  20.0999355
  15.6599159  20.1984711
  16.1535244  20.277895
  16.649847  20.3380852
  17.1481323  20.3789387
  17.6476288  20.4003925
  18.147583  20.4024048
  18.6472378  20.3849735
  19.145834  20.348114
  19.6426182  20.2918816
  20.1368389  20.2163563
  20.6277428  20.1216507
  21.1145897  20.0079041
  21.5966377  19.8752842
  22.0731583  19.7239971
  22.5434246  19.5542736
  23.0067291  19.3663731
  23.4623718  19.1605854
  23.9096661  18.9372311
  24.3479309  18.6966457
  24.7765083  18.4391994
  25.1947536  18.1652832
  25.6020336  17.8753109
  25.9977303  17.5697231
  26.3812447  17.2489834
  26.7519989  16.9135723
  27.1094265  16.5639992
  27.4529934  16.2007904
  27.7821789  15.8244982
  28.0964909  15.4356947
  28.3954506  15.0349665
  28.6786098  14.6229248
  28.945549  14.2001925
  29.1958656  13.7674093
  29.4292088  13.325243
  29.6452656  12.8743792
  29.8439503  12.4155912
  30.0255375  11.949769
  30.1909351  11.4779482
  30.342638  11.0015364
  30.4834251  10.5217781
  30.6156693  10.0395918
  30.7414894  9.55568695
  30.8621922  9.07047844
  30.9787502  8.58425617
  31.0918293  8.09721184
  31.2019577  7.60949183
  31.3095284  7.12120152
  31.4148712  6.63242483
  31.5182476  6.14322901
  31.6198864  5.6536684
  31.7199726  5.16378832
  31.8186741  4.6736269
  31.916132  4.18321705
  32.0124741  3.6925869
  32.107811  3.20176077
  32.2022438  2.71075964
  32.2958603  2.21960235
  32.3887444  1.72830558
  32.4809647  1.23688412
  34.5769043 -10.
     *    *
  3.18993735  1.19746745
  3.29403877  1.68651032
  3.39845943  2.17548513
  3.50324774  2.66438127
  3.6084578  3.1531868
  3.71415067  3.6418879
  3.82039762  4.13046885
  3.92727733  4.61891222
  4.0348835  5.10719585
  4.14331961  5.59529591
  4.25270891  6.08318281
  4.36319256  6.57082319
  4.47494507  7.05817413
  4.58816862  7.54518557
  4.70312309  8.03179073
  4.82011938  8.51790905
  4.93959093  9.0034256
  5.06207609  9.48818779
  5.18839693  9.97196674
  5.3196044  10.4544392
  5.45748377  10.9350452
  5.60409451  11.4130554
  5.76181459  11.8875084
  5.9329319  12.3572893
  6.11846352  12.8215637
  6.31874704  13.2796659
  6.53382826  13.7310095
  6.76354885  14.1750813
  7.00771093  14.6113787
  7.26608229  15.0394144
  7.53840923  15.4587107
  7.82441664  15.8687954
  8.12381363  16.269207
  8.43629074  16.6595001
  8.76151752  17.0392342
  9.09914875  17.4079838
  9.44882107  17.7653351
  9.81015587  18.1108856
  10.1827602  18.4442577
  10.566227  18.7650757
  10.9601345  19.0729828
  11.3640518  19.3676357
  11.7775345  19.6487064
  12.2001286  19.915884
  12.6313696  20.168869
  13.0707808  20.4073811
  13.5178776  20.6311531
  13.972168  20.8399372
  14.4331484  21.0335007
  14.9003115  21.2116261
  15.3731413  21.3741112
  15.8511143  21.5207787
  16.333704  21.6514568
  16.8203793  21.7659931
  17.3105965  21.864254
  17.8038158  21.9461288
  18.29949  22.0115204
  18.7970676  22.0603485
  19.2959957  22.0925541
  19.7957249  22.1080971
  20.2956944  22.1069584
  20.7953472  22.0891285
  21.2941265  22.0546284
  21.7914753  22.0034885
  22.2868366  21.9357605
  22.7796574  21.8515186
  23.2693882  21.7508545
  23.7554817  21.6338749
  24.2373905  21.5007076
  24.7145767  21.3515034
  25.1865082  21.1864243
  25.6526527  21.0056515
  26.1124897  20.8093853
  26.5655041  20.597847
  27.0111847  20.3712749
  27.4490395  20.129921
  27.8785763  19.874052
  28.2993164  19.6039639
  28.7107906  19.3199615
  29.1125488  19.0223713
  29.5041447  18.7115326
  29.8851452  18.3877907
  30.2551289  18.0515118
  30.6136818  17.7030735
  30.9604034  17.3428593
  31.2949066  16.9712734
  31.6168137  16.5887222
  31.9257698  16.1956387
  32.2214279  15.7924557
  32.5034599  15.3796291
  32.771553  14.9576168
  33.0254097  14.5268908
  33.2647476  14.0879307
  33.4893036  13.6412306
  33.6988525  13.187295
  33.8932152  12.7266493
  34.0724831  12.259922
  34.2370224  11.7877998
  34.3881645  11.3112087
  34.5283241  10.8312664
  34.6598206  10.3488741
  34.7846489  9.86471081
  34.9044266  9.37927151
  35.0201187  8.89284039
  35.1324844  8.40563202
  35.2420311  7.9177804
  35.3491783  7.42939663
  35.4542313  6.94055843
  35.5574646  6.45133162
  35.6590767  5.96176672
  35.7592621  5.47190666
  35.8581696  4.98178673
  35.9559326  4.49143791
  36.0526733  4.00088549
  36.1484871  3.51015186
  36.2434769  3.01925707
  36.3377151  2.52821827
  36.4312782  2.03705049
  36.5242348  1.54576743
  36.616642  1.05438066
  38.6894836 -10.
     *    *
  3.18993735  1.19746745
  3.29402041  1.68651414
  3.3983829  2.17550135
  3.50306702  2.66441965
  3.6081202  3.15325856
  3.71359658  3.64200664
  3.81955719  4.13065004
  3.92607164  4.61917305
  4.03322124  5.1075573
  4.14109755  5.59578133
  4.24980831  6.08382034
  4.35947657  6.57164478
  4.47025585  7.05921841
  4.5823226  7.54649782
  4.69590521  8.03342533
  4.81127548  8.51993275
  4.9288125  9.00592041
  5.04899216  9.49126053
  5.17253399  9.97575569
  5.30036545  10.459136
  5.43406153  10.9409237
  5.57543898  11.4205112
  5.72660494  11.8970966
  5.88958502  12.3697691
  6.06527758  12.837863
  6.25400877  13.3008509
  6.45584393  13.7582798
  6.67068005  14.2097483
  6.89838362  14.6548653
  7.13879395  15.0932493
  7.39173412  15.5245247
  7.65701485  15.9483213
  7.93443203  16.3642731
  8.22376919  16.7720242
  8.52479649  17.1712246
  8.83727169  17.5615292
  9.16093826  17.9426022
  9.49553108  18.3141212
  9.84076977  18.6757679
  10.1963673  19.0272331
  10.562026  19.3682175
  10.937438  19.6984329
  11.3222895  20.0175991
  11.7162542  20.3254433
  12.1190014  20.621706
  12.5301886  20.9061394
  12.9494686  21.1784992
  13.3764877  21.4385586
  13.8108845  21.6860981
  14.2522926  21.9209061
  14.7003403  22.1427822
  15.1546507  22.3515396
  15.6148396  22.5469971
  16.0805168  22.7289867
  16.5512924  22.8973484
  17.0267715  23.0519333
  17.5065498  23.192606
  17.9902229  23.3192387
  18.4773808  23.4317207
  18.9676132  23.5299473
  19.4605026  23.6138325
  19.9556293  23.6832962
  20.4525738  23.7382774
  20.9509106  23.7787189
  21.4502182  23.8045826
  21.9500675  23.8158398
  22.4500313  23.8124771
  22.9496841  23.7944927
  23.4485989  23.7618999
  23.9463444  23.7147198
  24.4424953  23.6529922
  24.9366264  23.5767651
  25.4283142  23.4861031
  25.9171352  23.3810787
  26.4026718  23.2617817
  26.8845062  23.1283112
  27.3622227  22.9807835
  27.8354092  22.8193188
  28.3036594  22.6440563
  28.7665749  22.455143
  29.223753  22.2527409
  29.674799  22.0370255
  30.1193275  21.8081799
  30.5569553  21.5663967
  30.9873066  21.3118858
  31.4100056  21.0448647
  31.8246937  20.7655602
  32.2310181  20.4742165
  32.6286163  20.1710815
  33.0171585  19.8564186
  33.3963089  19.5305023
  33.7657509  19.1936188
  34.1251717  18.8460636
  34.4742661  18.4881401
  34.8127365  18.1201553
  35.1402969  17.7424221
  35.456665  17.3552704
  35.7615662  16.9590244
  36.0547409  16.5540237
  36.3359337  16.1406155
  36.6049042  15.7191525
  36.8614197  15.2899971
  37.1052666  14.8535166
  37.336235  14.4100866
  37.5541267  13.9600859
  37.7587624  13.5039034
  37.9499855  13.0419416
  38.1277275  12.5746231
  38.2921982  12.1024714
  38.4438896  11.6260557
  38.5844536  11.1462336
  38.716095  10.6638823
  38.8407478  10.1796741
  38.9601212  9.69413471
  39.0753975  9.20760632
  39.1873474  8.72030258
  39.2965584  8.2323761
  39.4034386  7.74393272
  39.508316  7.25505686
  39.611454  6.76580954
  39.7130623  6.27624273
  39.8133163  5.78639698
  39.9123688  5.29630661
  40.0103416  4.80599976
  40.107357  4.31550169
  40.2035027  3.82483292
  40.2988739  3.33401299
  40.3935394  2.84305739
  40.4875793  2.35198045
  40.5810471  1.86079466
  40.6739998  1.36951137
  42.8130913 -10.
     *    *
  3.18993735  1.19746745
  3.29400635  1.68651724
  3.39832401  2.17551398
  3.50292706  2.66444969
  3.60785842  3.15331507
  3.71316576  3.64209986
  3.81890321  4.13079119
  3.92513371  4.61937618
  4.03192854  5.10783768
  4.13936901  5.59615755
  4.24755192  6.08431387
  4.35658598  6.57228088
  4.46660709  7.06002569
  4.57777405  7.5475111
  4.69028854  8.03468704
  4.80439329  8.521492
  4.92042542  9.00784111
  5.03880835  9.49362469
  5.16018438  9.97866726
  5.2853837  10.4627352
  5.41581345  10.9454174
  5.55310011  11.4261932
  5.6991334  11.9043808
  5.8557291  12.3792105
  6.02369022  12.8501377
  6.20332718  13.3167353
  6.39471436  13.7786379
  6.59778357  14.2355232
  6.81243992  14.6870813
  7.03856754  15.1330061
  7.27604008  15.5729933
  7.52471924  16.0067444
  7.78445768  16.4339657
  8.05509663  16.8543663
  8.33647156  17.2676582
  8.62840271  17.673563
  8.93070412  18.071806
  9.24317932  18.4621143
  9.56562328  18.8442307
  9.89782524  19.2178936
  10.2395649  19.5828533
  10.5906143  19.9388657
  10.9507427  20.2856941
  11.319706  20.6231079
  11.6972609  20.9508781
  12.0831499  21.2687931
  12.4771166  21.576643
  12.8788986  21.8742237
  13.2882242  22.1613369
  13.7048216  22.4377937
  14.1284122  22.703413
  14.558712  22.9580173
  14.9954395  23.2014351
  15.438302  23.4335003
  15.8870068  23.6540585
  16.3412571  23.862957
  16.8007526  24.060051
  17.2651882  24.2452049
  17.7342548  24.4182911
  18.2076435  24.5791817
  18.6850376  24.727766
  19.1661205  24.8639355
  19.6505699  24.9875927
  20.1380634  25.0986443
  20.628273  25.19701
  21.1208725  25.2826176
  21.6155281  25.355402
  22.111908  25.415308
  22.6096764  25.4622898
  23.1084995  25.4963131
  23.6080399  25.5173473
  24.1079559  25.5253754
  24.6079121  25.5203876
  25.1075687  25.5023823
  25.6065884  25.4713688
  26.1046295  25.4273663
  26.6013546  25.3703995
  27.096426  25.3005047
  27.5895061  25.2177277
  28.0802612  25.1221199
  28.5683556  25.0137444
  29.0534592  24.8926735
  29.5352364  24.7589893
  30.0133629  24.6127796
  30.4875088  24.4541416
  30.9573536  24.2831783
  31.4225731  24.100008
  31.8828526  23.9047565
  32.3378754  23.6975517
  32.7873344  23.4785366
  33.2309189  23.2478561
  33.6683273  23.0056686
  34.0992622  22.7521381
  34.5234261  22.4874363
  34.9405327  22.2117462
  35.350296  21.9252529
  35.75243  21.6281509
  36.1466637  21.3206425
  36.5327225  21.0029392
  36.9103546  20.6752586
  37.2793007  20.3378258
  37.6393051  19.9908733
  37.9901314  19.6346397
  38.3315392  19.2693748
  38.6633072  18.8953285
  38.985218  18.512764
  39.2970467  18.1219406
  39.5985909  17.7231274
  39.8896408  17.3165913
  40.1699982  16.9026051
  40.4394646  16.4814529
  40.6978607  16.0534172
  40.9450111  15.6187906
  41.1807442  15.1778679
  41.404892  14.7309484
  41.6173134  14.2783375
  41.8178673  13.8203421
  42.0064201  13.3572788
  42.1828804  12.889472
  42.347271  12.4172897
  42.4998856  11.9411669
  42.6414375  11.4616346
  42.7737274  10.9794617
  42.8986931  10.4953346
  43.017971  10.0097733
  43.1329956  9.52318382
  43.2446251  9.03580475
  43.353508  8.54780388
  43.460083  8.05929375
  43.5647049  7.57036161
  43.6676254  7.08106947
  43.7690697  6.59146833
  43.8692093  6.10159922
  43.9681931  5.61149549
  44.0661507  5.1211853
  44.1631889  4.63069248
  44.2593994  4.14003706
  44.3548698  3.64923739
  44.4496727  3.15830803
  44.5438766  2.66726303
  44.6375427  2.17611432
  44.7307167  1.68487298
  44.823452  1.19354808
  46.9294624 -10.
     *    *
  3.18993735  1.19746745
  3.2939949  1.68651962
  3.39827609  2.175524
  3.50281453  2.66447377
  3.60764837  3.15336013
  3.71282053  3.64217377
  3.81838012  4.13090372
  3.92438269  4.61953831
  4.0308938  5.10806227
  4.13798618  5.59645891
  4.24574614  6.08470869
  4.35427284  6.57278824
  4.46368837  7.0606699
  4.57413483  7.54831839
  4.68579435  8.03569031
  4.79888535  8.52273273
  4.91371298  9.0093689
  5.03065825  9.49550056
  5.1503005  9.9809742
  5.27339029  10.4655828
  5.40120029  10.9489679
  5.5352006  11.4306717
  5.67710495  11.9101028
  5.82855654  12.3866005
  5.99028206  12.8597088
  6.16257429  13.329071
  6.34551287  13.7943869
  6.53905058  14.2553959
  6.74311876  14.7118406
  6.95763254  15.1634703
  7.18249702  15.6100368
  7.41760874  16.0512943
  7.6628561  16.4869995
  7.91812229  16.916914
  8.1832819  17.3407955
  8.45820045  17.7584133
  8.74273586  18.1695423
  9.0367403  18.5739517
  9.34005833  18.9714241
  9.65252781  19.3617401
  9.97398186  19.7446918
  10.3042479  20.1200714
  10.6431465  20.4876747
  10.9904938  20.8473072
  11.3461008  21.1987762
  11.7097721  21.541893
  12.0813093  21.8764744
  12.4605093  22.2023449
  12.8471642  22.5193348
  13.2410641  22.8272762
  13.6419954  23.1260071
  14.0497398  23.4153671
  14.4640779  23.6952057
  14.8847857  23.965374
  15.3116407  24.2257214
  15.7444115  24.4761105
  16.182869  24.716404
  16.6267796  24.9464664
  17.0759068  25.1661682
  17.5300121  25.375391
  17.9888535  25.5740089
  18.4521866  25.7619095
  18.9197636  25.9389858
  19.3913364  26.1051292
  19.8666534  26.2602425
  20.3454552  26.4042358
  20.827486  26.5370197
  21.3124866  26.6585121
  21.80019  26.7686443
  22.2903366  26.8673477
  22.7826576  26.954565
  23.2768822  27.030241
  23.7727451  27.0943279
  24.2699699  27.1467876
  24.7682877  27.1875858
  25.2674255  27.2166977
  25.767107  27.2341022
  26.2670593  27.2397861
  26.7670078  27.2337475
  27.266674  27.2159805
  27.765789  27.1864929
  28.2640724  27.145298
  28.7612534  27.0924168
  29.2570553  27.027874
  29.7512016  26.9517002
  30.2434216  26.8639336
  30.7334423  26.7646217
  31.2209949  26.6538181
  31.7058048  26.5315781
  32.1876068  26.3979683
  32.6661301  26.2530594
  33.1411095  26.0969296
  33.6122856  25.9296608
  34.0793877  25.7513447
  34.5421638  25.5620747
  35.0003548  25.3619614
  35.4537048  25.1511078
  35.9019623  24.9296322
  36.3448753  24.6976547
  36.7821999  24.4553051
  37.2136879  24.2027168
  37.6391068  23.9400311
  38.0582161  23.6673927
  38.4707832  23.3849506
  38.8765793  23.092865
  39.2753754  22.791296
  39.6669579  22.4804134
  40.0511093  22.160387
  40.4276085  21.8313999
  40.7962494  21.4936333
  41.1568336  21.1472759
  41.5091591  20.7925205
  41.853035  20.4295673
  42.1882706  20.0586166
  42.5146828  19.6798801
  42.8320961  19.2935734
  43.1403389  18.8999119
  43.4392509  18.499115
  43.7286606  18.0914078
  44.0084114  17.6770134
  44.2783508  17.2561588
  44.5383186  16.8290768
  44.7881775  16.3959999
  45.0277786  15.9571657
  45.2569962  15.5128202
  45.4757004  15.0632057
  45.6837692  14.6085711
  45.8810806  14.149168
  46.0675316  13.6852493
  46.2430344  13.2170773
  46.4075165  12.7449226
  46.5611038  12.2691107
  46.7041092  11.7900095
  46.8375206  11.3081474
  46.9631271  10.8241863
  47.0826035  10.3386745
  47.1973991  9.85203266
  47.3086586  9.36456871
  47.417057  8.87646008
  47.5231209  8.38784027
  47.6272125  7.89879608
  47.7296295  7.40939856
  47.8305893  6.91969681
  47.9302711  6.42973375
  48.0288277  5.93954277
  48.1263809  5.44915199
  48.2230453  4.95858479
  48.3189087  4.4678607
  48.4140511  3.97699738
  48.5085564  3.48600912
  48.602478  2.99490976
  48.6958809  2.50371051
  48.7888107  2.01242185
  48.8813133  1.52105319
  48.9734306  1.0296123
  51.0367203 -10.
     *    *
  3.18993735  1.19746745
  3.29398561  1.68652141
  3.39823771  2.1755321
  3.50272322  2.66449285
  3.60747695  3.15339613
  3.71253824  3.64223385
  3.81795216  4.13099575
  3.923769  4.61966991
  4.03004789  5.10824442
  4.1368556  5.59670305
  4.2442708  6.08502865
  4.35238171  6.5732007
  4.4613018  7.06119299
  4.57115936  7.54897451
  4.68211937  8.03650665
  4.79438162  8.52373981
  4.90822268  9.01060772
  5.02399015  9.49701977
  5.14221191  9.98284149
  5.26357269  10.4678879
  5.38923359  10.9518366
  5.5205369  11.4342842
  5.65904951  11.9147081
  5.8062706  12.3925323
  5.96286392  12.8673668
  6.12910652  13.3389082
  6.30507708  13.8069067
  6.49074411  14.271143
  6.68605661  14.7314053
  6.89095068  15.1874819
  7.10535336  15.6391678
  7.32918596  16.086256
  7.56236267  16.5285416
  7.8047924  16.9658241
  8.05637932  17.3979034
  8.31701851  17.8245811
  8.5866003  18.2456684
  8.86500931  18.6609688
  9.15212345  19.0702991
  9.4478178  19.4734783
  9.75196266  19.8703232
  10.0644188  20.2606544
  10.3850479  20.6443024
  10.7137051  21.0210934
  11.0502415  21.3908672
  11.3945017  21.753458
  11.7463284  22.1087112
  12.1055622  22.4564705
  12.4720392  22.7965908
  12.8455925  23.1289253
  13.2260504  23.4533291
  13.6132412  23.7696686
  14.0069923  24.0778046
  14.4071274  24.3776073
  14.8134651  24.6689453
  15.2258263  24.9516945
  15.6440315  25.2257233
  16.0678959  25.4909153
  16.4972343  25.7471542
  16.9318581  25.9943161
  17.371582  26.2322922
  17.8162117  26.460968
  18.2655563  26.6802349
  18.7194214  26.8899899
  19.1776047  27.090126
  19.6399117  27.2805443
  20.1061382  27.4611549
  20.5760822  27.6318665
  21.0495338  27.7925949
  21.5262833  27.9432545
  22.006115  28.0837765
  22.4888229  28.2140884
  22.9741859  28.3341255
  23.4619904  28.4438286
  23.9520149  28.5431404
  24.4440403  28.6320152
  24.9378452  28.7104053
  25.4332047  28.7782688
  25.9298973  28.8355732
  26.4276962  28.8822899
  26.9263783  28.9183941
  27.4257164  28.9438648
  27.9254837  28.9586868
  28.4254532  28.9628506
  28.9253979  28.9563503
  29.4250908  28.9391842
  29.9243011  28.9113579
  30.4228077  28.8728809
  30.9203758  28.8237686
  31.4167843  28.76404
  31.9117985  28.693718
  32.4052048  28.612833
  32.8967628  28.5214195
  33.3862572  28.4195156
  33.873455  28.3071671
  34.358139  28.1844177
  34.8400841  28.0513268
  35.3190727  27.9079514
  35.7948875  27.7543526
  36.2672958  27.5905991
  36.7360916  27.4167576
  37.2010498  27.2329102
  37.6619606  27.039135
  38.1186142  26.8355217
  38.5707932  26.6221619
  39.0182915  26.399147
  39.4608994  26.1665821
  39.8984146  25.924572
  40.3306274  25.6732273
  40.7573509  25.4126606
  41.1783829  25.1429958
  41.5935326  24.8643551
  42.0025978  24.5768642
  42.4053993  24.2806606
  42.801754  23.9758778
  43.1914711  23.6626587
  43.574379  23.3411446
  43.9502945  23.011488
  44.3190536  22.6738434
  44.6804848  22.3283634
  45.03442  21.9752121
  45.3806992  21.6145496
  45.7191696  21.2465439
  46.0496712  20.8713684
  46.3720589  20.4891968
  46.6861839  20.1002045
  46.9919014  19.7045708
  47.2890778  19.3024826
  47.5775757  18.8941269
  47.8572693  18.4796886
  48.1280327  18.0593643
  48.3897438  17.6333389
  48.6422729  17.2018108
  48.8855057  16.7649746
  49.1193237  16.3230267
  49.3436165  15.8761702
  49.5582771  15.4246101
  49.7632103  14.9685526
  49.9583206  14.5082064
  50.1435165  14.0437832
  50.318718  13.5754967
  50.4838524  13.1035662
  50.6388969  12.6282244
  50.7840271  12.1497631
  50.9196167  11.6685066
  51.0468292  11.184968
  51.1673355  10.6997118
  51.2826042  10.2131853
  51.3939323  9.72573757
  51.5022163  9.23760414
  51.6080399  8.74893188
  51.7118454  8.25982475
  51.8139381  7.77035809
  51.9145622  7.28058672
  52.0139046  6.79055452
  52.1121178  6.30029631
  52.2093391  5.80983973
  52.3056831  5.31920958
  52.4012413  4.82842541
  52.4960938  4.33750439
  52.5903053  3.84646106
  52.6839523  3.35530925
  52.7770882  2.86405945
  52.8697624  2.37272263
  52.9620209  1.88130724
  53.0539017  1.38982141
  55.1742172 -10.
     *    *
  3.18993735  1.19746745
  3.29397798  1.6865232
  3.39820504  2.17553926
  3.50264668  2.6645093
  3.60733438  3.15342712
  3.71230364  3.64228439
  3.8175962  4.13107204
  3.92325807  4.61977959
  4.02934313  5.10839605
  4.1359129  5.59690714
  4.24303961  6.08529615
  4.35080481  6.5735445
  4.45931101  7.06162882
  4.56867695  7.54952145
  4.67905426  8.03718567
  4.79062557  8.52457809
  4.90364408  9.01163673
  5.01842976  9.49828148
  5.13546753  9.98439026
  5.25538588  10.4697962
  5.37925339  10.9542074
  5.50830412  11.4372625
  5.64398098  11.9184952
  5.78766203  12.397398
  5.93995857  12.8736305
  6.10113096  13.3469315
  6.27125788  13.8170872
  6.45031881  14.2839136
  6.63827562  14.7472296
  6.83507681  15.2068586
  7.04066706  15.6626244
  7.2549839  16.1143513
  7.47796059  16.5618687
  7.70952606  17.0050049
  7.94960308  17.4435844
  8.19810963  17.8774433
  8.45495892  18.3064175
  8.72005939  18.730341
  8.99331284  19.1490574
  9.2746191  19.5624046
  9.56387329  19.9702282
  9.86096668  20.3723774
  10.1657867  20.7687035
  10.4782162  21.1590595
  10.7981358  21.5433006
  11.1254187  21.9212914
  11.45994  22.2928925
  11.801568  22.6579685
  12.1501684  23.0163937
  12.5056086  23.3680363
  12.8677473  23.7127762
  13.2364454  24.0504932
  13.6115618  24.3810673
  13.9929514  24.7043819
  14.3804693  25.0203228
  14.7739716  25.3287792
  15.1733103  25.6296425
  15.5783358  25.9228058
  15.9889011  26.2081604
  16.4048557  26.4855995
  16.8260479  26.7550201
  17.252327  27.0163212
  17.6835365  27.2693996
  18.119524  27.5141544
  18.560133  27.7504883
  19.005209  27.9783001
  19.4545898  28.1974964
  19.9081135  28.4079857
  20.3656197  28.6096725
  20.8269405  28.802475
  21.2919064  28.9863129
  21.7603474  29.1611042
  22.2320919  29.3267727
  22.7069664  29.4832458
  23.1847916  29.6304626
  23.6653881  29.7683582
  24.1485767  29.8968735
  24.6341782  30.0159569
  25.1220055  30.1255589
  25.6118774  30.2256298
  26.1036091  30.3161297
  26.5970116  30.3970203
  27.0918999  30.4682617
  27.5880833  30.5298271
  28.0853786  30.5816879
  28.5835896  30.6238213
  29.0825272  30.656208
  29.5820065  30.6788311
  30.081831  30.6916809
  30.58181  30.6947479
  31.0817566  30.6880283
  31.5814743  30.6715183
  32.0807724  30.6452255
  32.5794563  30.6091576
  33.0773392  30.5633183
  33.5742302  30.5077267
  34.0699387  30.4424
  34.5642662  30.367363
  35.0570221  30.2826405
  35.5480194  30.1882648
  36.0370712  30.0842648
  36.5239868  29.9706821
  37.0085793  29.847559
  37.4906578  29.7149429
  37.9700432  29.5728798
  38.4465408  29.4214249
  38.9199715  29.2606373
  39.3901482  29.0905743
  39.8568916  28.9113007
  40.3200226  28.722887
  40.7793617  28.5254059
  41.2347298  28.3189278
  41.6859398  28.1035347
  42.1328278  27.8793087
  42.575222  27.6463337
  43.0129471  27.4046993
  43.4458275  27.1544952
  43.8736992  26.8958149
  44.2963943  26.6287575
  44.7137451  26.353426
  45.1255875  26.0699234
  45.5317688  25.7783604
  45.9321213  25.4788494
  46.3264923  25.1715069
  46.7147293  24.8564548
  47.0966873  24.5338116
  47.4722137  24.2037067
  47.8411636  23.8662663
  48.2033958  23.5216255
  48.5587692  23.1699181
  48.9071503  22.8112831
  49.2484055  22.4458618
  49.5824013  22.0737953
  49.9090157  21.6952305
  50.2281227  21.3103123
  50.5395889  20.9191914
  50.8433075  20.5220222
  51.1391525  20.1189556
  51.4270172  19.7101479
  51.7067909  19.2957573
  51.978363  18.8759518
  52.2416306  18.4508896
  52.4964943  18.0207329
  52.7428513  17.5856495
  52.9806061  17.1458073
  53.2096558  16.7013721
  53.4299202  16.2525139
  53.6413078  15.799408
  53.8437386  15.3422289
  54.0371246  14.8811531
  54.2213936  14.4163599
  54.3964806  13.9480276
  54.5623169  13.4763412
  54.7188606  13.0014896
  54.8661194  12.5236769
  55.0043106  12.0431643
  55.1338806  11.5602522
  55.2560959  11.0754242
  55.3724976  10.5891647
  55.484375  10.1018438
  55.5928688  9.61375904
  55.6987152  9.12509155
  55.8024178  8.63596439
  55.9043388  8.14646149
  56.0047455  7.65664721
  56.1038513  7.1665678
  56.2018166  6.67625952
  56.2987862  6.18575287
  56.3948669  5.69507217
  56.4901619  5.20423794
  56.5847549  4.7132678
  56.6787186  4.22217703
  56.7721176  3.73097801
  56.8650055  3.23968244
  56.9574394  2.74830055
  57.0494576  2.25684094
  57.1411057  1.7653116
  57.2324181  1.27371967
  59.3198967 -10.
     *    *
  3.18993735  1.19746745
  3.29397154  1.68652451
  3.39817786  2.17554522
  3.50258183  2.66452336
  3.60721302  3.15345287
  3.71210432  3.64232683
  3.81729364  4.13113689
  3.92282438  4.61987305
  4.02874613  5.1085248
  4.13511515  5.59707975
  4.24199772  6.08552217
  4.34947062  6.5738349
  4.45762777  7.06199694
  4.56657839  7.54998207
  4.67646217  8.03775787
  4.78744841  8.52528286
  4.89977121  9.01250362
  5.01372576  9.49934387
  5.12976027  9.98569298
  5.24845648  10.4713984
  5.37080479  10.9561958
  5.49794483  11.4397573
  5.63121605  11.9216623
  5.77189159  12.4014578
  5.9205389  12.8788433
  6.07740259  13.353591
  6.24256039  13.8255157
  6.41599846  14.2944613
  6.5976882  14.760273
  6.78759003  15.2227974
  6.98565817  15.6818838
  7.19184399  16.1373806
  7.40609503  16.5891418
  7.62835264  17.0370197
  7.85855532  17.4808655
  8.09663773  17.9205341
  8.34252739  18.3558826
  8.59615326  18.7867699
  8.85743332  19.2130585
  9.12628746  19.634613
  9.40262985  20.0512962
  9.6863718  20.4629803
  9.9774189  20.8695278
  10.2756767  21.2708187
  10.5810452  21.6667252
  10.8934231  22.0571232
  11.2127047  22.4418964
  11.5387812  22.8209286
  11.8715429  23.1941071
  12.2108765  23.5613174
  12.5566654  23.9224586
  12.9087954  24.2774181
  13.267148  24.6260948
  13.6315994  24.9683895
  14.0020351  25.304203
  14.3783302  25.6334362
  14.7603645  25.9559898
  15.148015  26.2717724
  15.5411596  26.5806885
  15.9396734  26.8826466
  16.3434334  27.1775494
  16.7523174  27.4653091
  17.1661968  27.7458344
  17.5849514  28.0190315
  18.0084515  28.284811
  18.4365768  28.5430794
  18.8691978  28.7937431
  19.3061848  29.0367088
  19.7474117  29.2718925
  20.1927471  29.4991989
  20.6420574  29.7185421
  21.0952015  29.929842
  21.5520477  30.1330204
  22.012455  30.328001
  22.4762764  30.5147095
  22.9433689  30.693079
  23.4135838  30.8630428
  23.8867741  31.0245457
  24.3627872  31.1775227
  24.8414726  31.3219223
  25.3226776  31.4576912
  25.8062458  31.5847816
  26.2920208  31.7031498
  26.77985  31.8127518
  27.269577  31.9135456
  27.7610378  32.0055008
  28.2540798  32.0885811
  28.7485371  32.1627541
  29.2442532  32.227993
  29.741066  32.2842751
  30.2388134  32.3315735
  30.7373352  32.3698769
  31.2364674  32.3991623
  31.7360458  32.4194221
  32.2359123  32.430645
  32.7358971  32.4328194
  33.2358398  32.4259491
  33.7355766  32.4100227
  34.2349434  32.3850555
  34.7337799  32.3510399
  35.2319183  32.307991
  35.7291908  32.2559166
  36.2254333  32.1948318
  36.7204933  32.1247559
  37.2141953  32.0457153
  37.7063828  31.9577217
  38.1968918  31.8608112
  38.6855621  31.7550106
  39.1722298  31.6403561
  39.6567383  31.5168858
  40.1389236  31.3846378
  40.6186295  31.2436543
  41.0956993  31.0939827
  41.5699692  30.9356709
  42.0412827  30.768774
  42.5094872  30.5933418
  42.9744263  30.4094353
  43.4359474  30.2171116
  43.893898  30.0164375
  44.3481293  29.807478
  44.7984886  29.5903034
  45.2448311  29.3649826
  45.6870041  29.1315899
  46.1248665  28.8902073
  46.5582771  28.6409092
  46.9870796  28.3837757
  47.4111443  28.1188889
  47.8303185  27.8463402
  48.2444687  27.5662155
  48.6534576  27.2786045
  49.0571442  26.9835987
  49.4553947  26.6812973
  49.8480759  26.3717957
  50.2350616  26.0551949
  50.6162148  25.7315998
  50.9914093  25.4011154
  51.360527  25.0638561
  51.7234421  24.7199306
  52.0800362  24.3694572
  52.4301872  24.0125504
  52.7737885  23.6493282
  53.1107254  23.2799129
  53.4408798  22.9044266
  53.7641525  22.5229988
  54.0804291  22.1357536
  54.3896103  21.7428207
  54.6916008  21.3443298
  54.9862862  20.9404144
  55.2735863  20.531208
  55.5533943  20.1168442
  55.8256264  19.697464
  56.0901909  19.2732029
  56.3470039  18.8442059
  56.595974  18.4106121
  56.8370285  17.9725647
  57.0700798  17.5302067
  57.2950478  17.0836849
  57.5118561  16.6331463
  57.7204323  16.1787376
  57.9207039  15.7206087
  58.1126022  15.2589111
  58.2960663  14.7937975
  58.4710388  14.3254213
  58.637455  13.8539381
  58.7952728  13.3795061
  58.9444542  12.9022894
  59.0850525  12.422472
  59.2172852  11.9402828
  59.3417091  11.4560165
  59.4596405  10.9701262
  59.5724716  10.4830256
  59.6813736  9.99502945
  59.7873421  9.50639057
  59.8909721  9.0172472
  59.9927177  8.52770901
  60.0928688  8.03784275
  60.1916771  7.54770279
  60.2893219  7.05732965
  60.3859482  6.56675529
  60.4816818  6.07600498
  60.5766182  5.58510113
  60.6708488  5.09406137
  60.7644463  4.60290051
  60.8574753  4.11163139
  60.9500008  3.62026644
  61.0420647  3.12881565
  61.1337166  2.63728762
  61.2249947  2.14569044
  61.3159447  1.65403116
  61.4065819  1.1623162
  63.4596901 -10.
     *    *
  3.18993735  1.19746745
  3.29396582  1.68652582
  3.3981545  2.17555022
  3.50252652  2.66453552
  3.60710955  3.15347576
  3.71193409  3.64236426
  3.81703544  4.13119316
  3.92245364  4.61995363
  4.02823496  5.10863543
  4.13443136  5.59722757
  4.24110508  6.08571577
  4.34832668  6.57408428
  4.45618391  7.0623126
  4.56477737  7.55037785
  4.67423916  8.03824997
  4.78472376  8.52589035
  4.89644909  9.01324844
  5.00969028  9.50025654
  5.12486458  9.98681164
  5.2425127  10.4727736
  5.36355591  10.9579
  5.48905611  11.4418907
  5.62025976  11.9243631
  5.75835228  12.4049072
  5.90386152  12.8832579
  6.05701971  13.3592157
  6.21790028  13.8326178
  6.38649654  14.3033276
  6.56278563  14.7712097
  6.74673557  15.2361336
  6.9383111  15.6979685
  7.13747215  16.1565838
  7.34417677  16.6118507
  7.55837584  17.0636368
  7.78002071  17.5118179
  8.00905704  17.9562664
  8.24542713  18.3968601
  8.48906898  18.8334732
  8.7399168  19.2659855
  8.99790478  19.6942787
  9.26296234  20.1182327
  9.5350132  20.5377331
  9.81398106  20.9526634
  10.0997858  21.3629169
  10.3923445  21.7683849
  10.6915703  22.1689548
  10.9973745  22.5645256
  11.3096666  22.9549942
  11.6283531  23.3402615
  11.9533386  23.7202301
  12.2845249  24.0948067
  12.6218147  24.4638977
  12.9651051  24.8274136
  13.3142977  25.1852665
  13.6692877  25.5373669
  14.029973  25.8836308
  14.3962507  26.2239742
  14.7680187  26.5583115
  15.1451731  26.8865604
  15.5276108  27.2086411
  15.915226  27.5244675
  16.3079166  27.8339615
  16.7055817  28.1370373
  17.1081161  28.4336147
  17.515419  28.723608
  17.9273891  29.0069332
  18.3439198  29.2835102
  18.7649136  29.5532455
  19.1902657  29.8160572
  19.6198711  30.0718555
  20.0536232  30.3205566
  20.4914112  30.5620766
  20.9331322  30.7963352
  21.3786678  31.0232506
  21.8278999  31.242754
  22.2807159  31.454771
  22.7369938  31.6592331
  23.1966095  31.8560753
  23.6594372  32.0452385
  24.1253548  32.2266579
  24.5942307  32.4002838
  25.0659428  32.5660591
  25.5403557  32.7239304
  26.0173397  32.8738594
  26.4967632  33.015789
  26.9784927  33.1496887
  27.4623947  33.2755089
  27.9483356  33.3932076
  28.436182  33.5027542
  28.9257927  33.6041107
  29.4170322  33.6972466
  29.9097652  33.782135
  30.4038506  33.8587494
  30.8991566  33.927063
  31.3955364  33.9870529
  31.8928547  34.0387001
  32.3909721  34.0819893
  32.88974  34.1168976
  33.3890266  34.143425
  33.8886909  34.1615448
  34.3885841  34.1712608
  34.8885727  34.1725616
  35.3885193  34.1654396
  35.8882751  34.1498985
  36.3876915  34.1259384
  36.886631  34.0935631
  37.3849602  34.052784
  37.8825264  34.0035934
  38.3791962  33.9460258
  38.8748169  33.8800812
  39.3692551  33.8057861
  39.8623695  33.7231522
  40.354023  33.6322098
  40.8440666  33.5329742
  41.3323669  33.4254761
  41.8187828  33.3097458
  42.3031731  33.1858177
  42.7854004  33.05373
  43.2653236  32.9135208
  43.7428207  32.7652206
  44.2177429  32.6088791
  44.6899567  32.4445381
  45.1593246  32.2722473
  45.625721  32.0920563
  46.0890083  31.9040203
  46.5490532  31.708189
  47.0057297  31.5046196
  47.4589043  31.2933693
  47.9084435  31.0745029
  48.354229  30.8480835
  48.7961311  30.6141701
  49.2340164  30.3728313
  49.6677666  30.1241379
  50.0972595  29.8681564
  50.5223732  29.6049595
  50.9429779  29.3346252
  51.3589668  29.05723
  51.7702065  28.77285
  52.17659  28.4815655
  52.5779877  28.1834583
  52.9742966  27.8786144
  53.3653946  27.5671177
  53.7511787  27.2490559
  54.1315269  26.9245148
  54.5063324  26.5935841
  54.8754807  26.2563591
  55.2388687  25.9129353
  55.5963974  25.5634136
  55.9479599  25.2078915
  56.2934532  24.8464718
  56.6327858  24.4792557
  56.9658585  24.1063538
  57.2925758  23.7278728
  57.6128464  23.3439198
  57.9265785  22.9546089
  58.2336807  22.5600491
  58.5340729  22.1603546
  58.8276672  21.7556381
  59.1143837  21.3460217
  59.3941383  20.9316177
  59.6668472  20.5125484
  59.9324455  20.0889301
  60.1908493  19.6608887
  60.4419823  19.2285442
  60.6857758  18.7920151
  60.9221535  18.351429
  61.151062  17.9069138
  61.3724251  17.4585934
  61.5861778  17.0065975
  61.7922592  16.5510502
  61.9906044  16.092083
  62.18116  15.6298265
  62.3638687  15.1644144
  62.5386772  14.6959772
  62.7055359  14.2246494
  62.864399  13.7505684
  63.0152321  13.2738705
  63.1580124  12.7946978
  63.2928314  12.3132248
  63.4199257  11.8296556
  63.5399857  11.3442898
  63.6543236  10.8575401
  63.7641945  10.3697643
  63.8706627  9.88123131
  63.9745712  9.39214802
  64.076416  8.90263081
  64.17659  8.41276836
  64.2753601  7.92261982
  64.3729172  7.43223047
  64.469429  6.94163465
  64.565033  6.4508605
  64.6598282  5.95992994
  64.7539139  5.46886206
  64.847374  4.97767305
  64.9402618  4.48637533
  65.0326309  3.994982
  65.1245422  3.50350285
  65.2160568  3.01194692
  65.3071899  2.52032185
  65.3979874  2.02863503
  65.4884796  1.53689253
  65.5786972  1.04510009
  67.6020508 -10.
     *    *
  3.18993735  1.19746745
  3.29396129  1.68652689
  3.39813423  2.17555475
  3.50247836  2.66454577
  3.60701966  3.15349483
  3.71178675  3.6423955
  3.8168118  4.13124084
  3.92213273  4.6200223
  4.02779198  5.10873079
  4.13383961  5.59735584
  4.2403326  6.08588409
  4.34733677  6.57430029
  4.45493364  7.06258583
  4.56321812  7.55071926
  4.67231226  8.03867245
  4.78236246  8.52641106
  4.89357138  9.0138855
  5.00619555  9.50103664
  5.12062407  9.98776531
  5.23736334  10.4739447
  5.35727453  10.9593506
  5.4813509  11.4437084
  5.61075926  11.9266672
  5.74660826  12.4078522
  5.88938999  12.8870268
  6.03932476  13.3640099
  6.19648552  13.8386621
  6.3608675  14.3108606
  6.53245449  14.7804899
  6.71121979  15.2474337
  6.89713478  15.7115774
  7.09016752  16.1728058
  7.29028273  16.6310062
  7.49744081  17.0860672
  7.7116003  17.5378742
  7.93271685  17.9863186
  8.16074181  18.4312897
  8.39562416  18.8726768
  8.63731003  19.310379
  8.88574314  19.7442856
  9.14086151  20.1742954
  9.4026041  20.6003056
  9.67090607  21.0222168
  9.94569874  21.4399281
  10.2269106  21.853344
  10.5144701  22.2623711
  10.8083  22.6669159
  11.1083241  23.0668907
  11.4144592  23.4622059
  11.7266264  23.8527775
  12.0447397  24.2385197
  12.3687134  24.6193542
  12.6984615  24.9952011
  13.0338974  25.3659801
  13.3749304  25.7316151
  13.7214756  26.0920334
  14.0734434  26.4471569
  14.4307461  26.7969112
  14.7932959  27.1412239
  15.1610041  27.4800224
  15.533783  27.8132324
  15.9115458  28.1407833
  16.2942066  28.4625988
  16.6816807  28.7786045
  17.0738773  29.088726
  17.4707146  29.3928852
  17.8721104  29.6910057
  18.2779789  29.9830074
  18.6882343  30.2688122
  19.1027927  30.5483379
  19.5215721  30.8215046
  19.9444809  31.0882282
  20.3714314  31.3484325
  20.8023357  31.6020374
  21.2371006  31.8489685
  21.6756268  32.0891495
  22.1178188  32.3225136
  22.5635738  32.548996
  23.0127907  32.7685318
  23.4653645  32.9810638
  23.9211884  33.1865349
  24.3801556  33.3848801
  24.8421574  33.5760574
  25.3070812  33.7600021
  25.7748184  33.936676
  26.2452583  34.1060295
  26.7182846  34.2680168
  27.1937809  34.4225998
  27.6716366  34.5697289
  28.1517334  34.7093735
  28.6339569  34.8414917
  29.1181889  34.9660454
  29.6043091  35.083004
  30.0922031  35.1923332
  30.5817471  35.2940102
  31.0728283  35.3880005
  31.5653191  35.4742889
  32.0591049  35.5528412
  32.5540581  35.6236382
  33.0500603  35.686657
  33.5469971  35.7418823
  34.044735  35.789299
  34.5431557  35.8288879
  35.0421333  35.8606377
  35.5415535  35.8845367
  36.0412903  35.9005814
  36.5412178  35.9087601
  37.0412102  35.9090614
  37.5411415  35.9014893
  38.0408936  35.8860397
  38.5403442  35.8627167
  39.03936  35.8315201
  39.5378304  35.7924576
  40.0356216  35.7455368
  40.5326042  35.6907654
  41.0286598  35.6281586
  41.5236664  35.5577278
  42.017498  35.4794922
  42.5100327  35.3934669
  43.0011482  35.2996826
  43.4907227  35.1981544
  43.9786377  35.0889091
  44.4647675  34.9719734
  44.9489899  34.8473778
  45.4311829  34.7151527
  45.9112282  34.5753365
  46.3890076  34.4279556
  46.8644028  34.273056
  47.3372917  34.110672
  47.8075638  33.9408493
  48.2750969  33.7636299
  48.7397728  33.5790558
  49.2014809  33.3871765
  49.6601028  33.1880379
  50.1155357  32.9816933
  50.5676498  32.7681923
  51.0163422  32.5475922
  51.4615059  32.3199463
  51.9030266  32.0853043
  52.3407936  31.8437386
  52.7746964  31.5953026
  53.204628  31.3400536
  53.6304855  31.0780621
  54.0521584  30.809391
  54.4695473  30.5341072
  54.8825417  30.2522755
  55.2910423  29.9639702
  55.6949501  29.6692619
  56.0941544  29.3682194
  56.4885674  29.0609226
  56.8780823  28.7474422
  57.2626038  28.4278584
  57.6420403  28.1022511
  58.0162964  27.7706985
  58.3852692  27.4332809
  58.748867  27.0900784
  59.1070023  26.7411766
  59.4595833  26.3866596
  59.8065147  26.0266171
  60.1477127  25.6611366
  60.4830933  25.2903118
  60.8125801  24.9142361
  61.1360855  24.5330067
  61.4535255  24.1467133
  61.7648354  23.7554569
  62.0699272  23.3593369
  62.3687286  22.9584522
  62.6611748  22.5529041
  62.9471817  22.1427917
  63.2266884  21.7282238
  63.4996262  21.3092976
  63.7659302  20.8861217
  64.0255203  20.4588013
  64.2783432  20.027441
  64.5243378  19.5921478
  64.7634277  19.1530304
  64.9955673  18.7101936
  65.2206955  18.2637463
  65.438736  17.8138046
  65.6496582  17.3604774
  65.8533936  16.9038734
  66.0498886  16.4441109
  66.2390976  15.9813004
  66.4209671  15.5155592
  66.595459  15.0470018
  66.7625351  14.5757465
  66.9221344  14.1019106
  67.074234  13.6256132
  67.2188034  13.1469784
  67.3558426  12.666132
  67.4854889  12.1832399
  67.608017  11.6984901
  67.7242661  11.2121973
  67.8355331  10.7247372
  67.9429245  10.2364073
  68.0473862  9.74744415
  68.1496353  9.25800896
  68.2500687  8.76820087
  68.3490295  8.27809143
  68.4467392  7.78773308
  68.5433807  7.29716206
  68.6390839  6.80640793
  68.7339935  6.31549597
  68.8281708  5.82444477
  68.9217072  5.33327198
  69.0146713  4.84199095
  69.107132  4.35061359
  69.1991272  3.85915017
  69.2907181  3.36761117
  69.3819427  2.87600327
  69.4728317  2.38433433
  69.5634232  1.89261043
  69.6537552  1.40083706
  71.7404404 -10.
     *    *
  3.18993735  1.19746745
  3.29395676  1.68652761
  3.39811611  2.17555809
  3.5024364  2.66455436
  3.60694098  3.15351129
  3.71165705  3.64242291
  3.81661534  4.13128281
  3.92185068  4.62008286
  4.02740383  5.10881424
  4.13332081  5.59746695
  4.23965549  6.08602905
  4.34646988  6.57448721
  4.45383883  7.0628233
  4.56185341  7.55101681
  4.67062664  8.03904152
  4.78029585  8.52686596
  4.89105177  9.0144453
  5.00313425  9.50172043
  5.1169095  9.98860455
  5.23285341  10.4749756
  5.35177326  10.9606266
  5.4746027  11.445302
  5.6024375  11.9286795
  5.73631859  12.4104166
  5.87670851  12.8902969
  6.02381659  13.3681593
  6.17771292  13.8438797
  6.3383956  14.3173504
  6.50585222  14.7884693
  6.68006182  15.2571325
  6.86100054  15.7232399
  7.04864168  16.1866894
  7.24295568  16.6473789
  7.44391012  17.1052151
  7.65147066  17.5600929
  7.86559963  18.0119133
  8.08625698  18.4605846
  8.31339836  18.9060059
  8.54697895  19.3480873
  8.78694916  19.7867317
  9.03325844  20.2218475
  9.28585339  20.6533451
  9.54467869  21.0811329
  9.80967426  21.5051289
  10.080781  21.9252415
  10.3579359  22.3413906
  10.6410732  22.7534904
  10.9301243  23.1614666
  11.2250204  23.565239
  11.5256872  23.9647274
  11.8320541  24.3598633
  12.1440449  24.750576
  12.4615841  25.1367912
  12.7845964  25.5184441
  13.1130047  25.8954601
  13.4467325  26.2677784
  13.7857046  26.6353283
  14.1298437  26.998045
  14.4790726  27.3558598
  14.8333197  27.7087078
  15.1925077  28.0565281
  15.5565634  28.3992519
  15.9254131  28.7368088
  16.2989845  29.0691338
  16.6772003  29.3961582
  17.0599937  29.7178116
  17.4472961  30.034029
  17.8390331  30.3447342
  18.2351303  30.6498566
  18.6355247  30.9493237
  19.0401402  31.2430573
  19.4489098  31.5309849
  19.861763  31.8130283
  20.2786217  32.0891113
  20.6994171  32.3591576
  21.1240673  32.6231003
  21.552494  32.8808708
  21.9846153  33.1324005
  22.4203453  33.3776245
  22.8595943  33.6164818
  23.3022766  33.8489189
  23.7482986  34.0748749
  24.1975727  34.2942924
  24.6500034  34.5071259
  25.1054993  34.7133255
  25.5639629  34.912838
  26.0252972  35.1056137
  26.4894066  35.2916145
  26.9561901  35.4707985
  27.4255524  35.643116
  27.8973904  35.8085251
  28.3716068  35.9669876
  28.8481007  36.1184731
  29.3267689  36.2629433
  29.8075104  36.4003639
  30.2902203  36.5306969
  30.7747936  36.6539192
  31.2611275  36.7700005
  31.7491169  36.8789101
  32.2386589  36.9806252
  32.729641  37.0751228
  33.221962  37.162384
  33.7155151  37.242382
  34.2101974  37.3151016
  34.7058945  37.3805237
  35.2025032  37.438633
  35.699913  37.489418
  36.1980133  37.5328674
  36.696701  37.5689583
  37.1958656  37.5976906
  37.6954041  37.6190453
  38.1952019  37.6330223
  38.6951561  37.6396065
  39.1951485  37.6388016
  39.695076  37.6306
  40.194828  37.6150017
  40.694294  37.5920029
  41.1933632  37.5616074
  41.691925  37.523819
  42.1898766  37.4786491
  42.6870995  37.4261017
  43.1834908  37.366188
  43.678936  37.2989159
  44.1733322  37.2243004
  44.6665688  37.1423645
  45.1585312  37.0531235
  45.6491203  36.9565926
  46.1382179  36.8527946
  46.6257286  36.7417526
  47.1115341  36.6234932
  47.5955315  36.4980392
  48.0776176  36.3654213
  48.5576897  36.2256699
  49.0356293  36.0788231
  49.5113411  35.9249039
  49.984726  35.763958
  50.4556694  35.5960159
  50.9240723  35.4211159
  51.3898392  35.239296
  51.8528595  35.050602
  52.3130379  34.8550758
  52.7702713  34.6527634
  53.2244606  34.4437027
  53.6755066  34.2279434
  54.1233101  34.0055389
  54.5677757  33.7765274
  55.0088043  33.5409698
  55.4463005  33.2989159
  55.8801689  33.050415
  56.310318  32.7955246
  56.7366524  32.5343018
  57.1590767  32.2668076
  57.5774956  31.9930916
  57.9918213  31.7132225
  58.4019661  31.4272556
  58.8078384  31.1352558
  59.2093506  30.8372879
  59.606411  30.5334187
  59.9989357  30.2237091
  60.3868332  29.9082298
  60.770031  29.5870533
  61.1484337  29.2602425
  61.5219612  28.9278717
  61.8905373  28.5900154
  62.2540741  28.2467442
  62.6124992  27.8981342
  62.9657211  27.54426
  63.3136711  27.1851997
  63.6562691  26.8210258
  63.9934349  26.4518223
  64.3250885  26.0776653
  64.6511765  25.6986389
  64.971611  25.3148289
  65.2863312  24.9263153
  65.5952759  24.533186
  65.8983688  24.1355305
  66.195549  23.7334366
  66.4867554  23.3269939
  66.7719193  22.9162922
  67.0509872  22.501421
  67.3238983  22.0824776
  67.5905914  21.6595478
  67.8510132  21.2327232
  68.1050949  20.8020954
  68.3527832  20.3677616
  68.5940247  19.9298134
  68.8287582  19.4883442
  69.0569229  19.0434494
  69.2784805  18.5952244
  69.4933853  18.1437664
  69.7015762  17.6891766
  69.9029999  17.2315521
  70.0976181  16.7709904
  70.2853775  16.3075962
  70.4662552  15.8414679
  70.6402054  15.3727083
  70.8071899  14.9014215
  70.9671631  14.4277115
  71.1200943  13.9516811
  71.2659683  13.4734373
  71.4047546  12.9930916
  71.5364838  12.5107613
  71.6613235  12.0266027
  71.7796402  11.5408058
  71.8924484  11.0537024
  72.0009537  10.5656195
  72.1061325  10.076808
  72.2088394  9.58747196
  72.3096085  9.0977335
  72.4088211  8.60767555
  72.5067444  8.11735725
  72.603569  7.62682104
  72.6994476  7.13609982
  72.7945099  6.64521885
  72.8888397  6.15419865
  72.9825363  5.66305733
  73.0756683  5.17180872
  73.1683044  4.68046522
  73.2604904  4.1890378
  73.352272  3.69753575
  73.4437027  3.20596695
  73.5348129  2.71433878
  73.6256332  2.2226572
  73.7162018  1.73092806
  73.8065338  1.23915625
  75.8666534 -10.
     *    *
  3.18993735  1.19746745
  3.29395294  1.68652868
  3.39810014  2.17556167
  3.50239849  2.6645627
  3.60687065  3.15352654
  3.71154189  3.64244771
  3.8164413  4.13132
  3.9216013  4.62013626
  4.02706051  5.10888863
  4.13286209  5.5975666
  4.23905659  6.08615923
  4.34570217  6.57465363
  4.45287085  7.06303358
  4.56064701  7.55127954
  4.669137  8.03936768
  4.77847099  8.5272665
  4.88882732  9.01493454
  5.00043344  9.50231934
  5.11363268  9.98933697
  5.22887421  10.4758749
  5.34691858  10.9617386
  5.46864653  11.4466934
  5.59509182  11.9304371
  5.72723436  12.4126549
  5.86551046  12.8931494
  6.01011896  13.3717756
  6.16112614  13.8484211
  6.31853485  14.3229914
  6.48233509  14.7953949
  6.65250969  15.2655382
  6.82903862  15.7333345
  7.01189947  16.1986923
  7.20106697  16.66152
  7.39651585  17.1217327
  7.59821558  17.5792389
  7.80613422  18.0339546
  8.02023792  18.4857883
  8.24048901  18.93466
  8.46684837  19.3804817
  8.69927502  19.8231716
  8.93772507  20.2626438
  9.18215084  20.698822
  9.43250656  21.1316223
  9.68873978  21.5609722
  9.95079708  21.9867916
  10.2186251  22.4090042
  10.4921646  22.8275394
  10.7713566  23.2423248
  11.0561409  23.6532898
  11.3464508  24.0603714
  11.6422243  24.463501
  11.9433966  24.8626118
  12.249898  25.2576466
  12.5616636  25.6485405
  12.878624  26.0352325
  13.2007141  26.4176617
  13.5278664  26.7957706
  13.8600159  27.1694984
  14.1970959  27.5387859
  14.5390415  27.9035721
  14.8857908  28.2637939
  15.237277  28.6193943
  15.5934391  28.9703159
  15.9542131  29.3164902
  16.3195362  29.6578598
  16.689352  29.9943619
  17.0635929  30.3259315
  17.4422016  30.6525021
  17.825119  30.9740124
  18.2122841  31.2903957
  18.6036396  31.6015835
  18.9991245  31.9075012
  19.3986816  32.2080841
  19.8022499  32.5032616
  20.2097683  32.7929611
  20.621172  33.0771103
  21.036396  33.355648
  21.4553795  33.6285019
  21.8780441  33.8956108
  22.3043232  34.1569176
  22.7341385  34.412365
  23.1674194  34.6618958
  23.6040821  34.9054565
  24.0440521  35.1429901
  24.4872475  35.3744469
  24.9335842  35.5997849
  25.382988  35.8189545
  25.8353672  36.0319023
  26.2906456  36.2385826
  26.7487316  36.438961
  27.2095451  36.632988
  27.6729965  36.8206253
  28.1389999  37.0018349
  28.6074657  37.1765671
  29.0783081  37.3448029
  29.5514355  37.5065002
  30.0267563  37.6616249
  30.5041828  37.8101501
  30.9836216  37.9520454
  31.4649811  38.0872765
  31.9481697  38.2158241
  32.4330902  38.3376617
  32.919651  38.4527626
  33.4077682  38.5611
  33.8973389  38.6626663
  34.3882675  38.7574348
  34.8804703  38.8453865
  35.3738403  38.9265137
  35.8682861  39.0007858
  36.3637161  39.0681915
  36.8600311  39.128727
  37.3571396  39.182373
  37.85495  39.2291145
  38.3533554  39.26894
  38.852272  39.3018379
  39.351593  39.3278008
  39.851223  39.346817
  40.3510742  39.3588715
  40.8510437  39.3639755
  41.3510323  39.3621063
  41.8509445  39.3532753
  42.3506851  39.3374748
  42.8501587  39.3147011
  43.3492661  39.2849655
  43.8479118  39.2482605
  44.3459969  39.2046013
  44.8434219  39.1539803
  45.3400879  39.0964127
  45.835907  39.0319138
  46.3307724  38.9604874
  46.8245926  38.8821526
  47.3172684  38.7969208
  47.8087044  38.7048149
  48.2988052  38.6058426
  48.7874756  38.5000305
  49.2746201  38.3873978
  49.7601395  38.2679634
  50.2439423  38.1417542
  50.7259331  38.0087967
  51.2060204  37.8691139
  51.6841049  37.722744
  52.1601028  37.5697021
  52.6339149  37.4100227
  53.1054497  37.2437401
  53.5746155  37.0708847
  54.0413208  36.8914986
  54.5054741  36.7056084
  54.9669914  36.5132599
  55.4257812  36.3144951
  55.881752  36.1093483
  56.3348198  35.8978577
  56.784893  35.6800728
  57.2318878  35.4560356
  57.6757126  35.2257843
  58.1162834  34.9893761
  58.5535164  34.7468529
  58.9873352  34.4982567
  59.4176483  34.2436447
  59.8443718  33.9830666
  60.2674217  33.716568
  60.6867256  33.4442024
  61.1021919  33.1660233
  61.5137444  32.8820953
  61.9213028  32.5924606
  62.3247948  32.297184
  62.7241364  31.9963207
  63.1192551  31.6899261
  63.510067  31.3780613
  63.8965073  31.0607872
  64.2784958  30.7381668
  64.6559601  30.4102669
  65.0288239  30.0771446
  65.3970108  29.7388706
  65.7604675  29.3955078
  66.1191101  29.047123
  66.4728699  28.6937828
  66.8216858  28.3355579
  67.1654816  27.972517
  67.5041962  27.6047344
  67.8377686  27.2322731
  68.1661301  26.8552113
  68.4891968  26.4736118
  68.8069229  26.0875568
  69.1192627  25.6971169
  69.4261398  25.3023701
  69.7275009  24.9033966
  70.0232773  24.5002728
  70.3134308  24.0930786
  70.5978928  23.6818943
  70.8766174  23.2667999
  71.1495514  22.8478756
  71.4166412  22.4251995
  71.6778336  21.9988537
  71.9330902  21.5689201
  72.1823425  21.1354809
  72.4255447  20.6986217
  72.6626587  20.2584209
  72.8936234  19.8149681
  73.1183929  19.3683395
  73.3369217  18.9186268
  73.5491638  18.4659119
  73.7550659  18.0102825
  73.9545975  17.5518246
  74.1477127  17.0906277
  74.3343658  16.6267853
  74.514534  16.1603832
  74.6881866  15.6915121
  74.855278  15.2202663
  75.0157852  14.7467356
  75.1696854  14.2710142
  75.3169327  13.7931957
  75.4575424  13.3133764
  75.5914764  12.8316545
  75.7188187  12.3481464
  75.8397522  11.8629971
  75.9548187  11.376421
  76.0651169  10.8887396
  76.1717224  10.400238
  76.2755203  9.91113091
  76.377243  9.42158794
  76.4773102  8.93170261
  76.5760345  8.44154644
  76.673645  7.9511652
  76.7703094  7.46059895
  76.8661728  6.96987343
  76.9613266  6.47901201
  77.0558701  5.98803234
  77.1498795  5.49694967
  77.2434158  5.00577688
  77.3365326  4.51452541
  77.4292831  4.02320337
  77.521698  3.53181911
  77.6138229  3.04037929
  77.7056885  2.54889059
  77.7973175  2.0573585
  77.8887558  1.56578743
  77.9800034  1.0741818
  80.0332108 -10.
     *    *
  3.18993735  1.19746745
  3.2939496  1.68652928
  3.39808631  2.17556453
  3.50236559  2.66456962
  3.60680938  3.15353942
  3.71144104  3.64246893
  3.81628799  4.13135242
  3.921381  4.62018347
  4.02675676  5.10895348
  4.13245583  5.59765339
  4.23852539  6.08627272
  4.3450222  6.57480001
  4.45201254  7.06321907
  4.55957651  7.55151224
  4.66781569  8.03965569
  4.77685165  8.52762127
  4.88685322  9.01537132
  4.99803448  9.50285244
  5.11072111  9.98998833
  5.22533751  10.4766731
  5.34260368  10.9627266
  5.46335173  11.4479265
  5.58855915  11.9319925
  5.7191534  12.4146328
  5.85554647  12.8956652
  5.99792862  13.374959
  6.14636326  13.8524141
  6.30085516  14.3279428
  6.46139622  14.8014641
  6.6279726  15.2728949
  6.80056715  15.742156
  6.97916222  16.2091675
  7.16373587  16.6738491
  7.35426617  17.1361179
  7.55072784  17.5958996
  7.75309372  18.0531139
  7.96133423  18.5076809
  8.17541695  18.9595261
  8.39530849  19.4085751
  8.62097168  19.8547478
  8.85237026  20.2979736
  9.08946228  20.7381802
  9.33220768  21.1752987
  9.58055973  21.6092548
  9.8344717  22.039978
  10.0938969  22.4674034
  10.3587828  22.89147
  10.6290779  23.312109
  10.904727  23.7292576
  11.1856728  24.1428566
  11.471858  24.5528488
  11.7632246  24.9591751
  12.0597143  25.3617802
  12.3612642  25.7606049
  12.6678181  26.1555977
  12.9793148  26.5467072
  13.2956972  26.933876
  13.6169052  27.3170471
  13.9428844  27.6961689
  14.2735777  28.0711861
  14.6089287  28.4420433
  14.9488831  28.8086834
  15.2933874  29.1710548
  15.6423864  29.5290985
  15.9958277  29.8827591
  16.3536587  30.2319756
  16.7158241  30.5766964
  17.0822716  30.9168606
  17.4529533  31.2524071
  17.8278122  31.5832806
  18.2068024  31.9094143
  18.5898705  32.230751
  18.9769669  32.5472183
  19.3680401  32.858757
  19.7630424  33.1652985
  20.1619244  33.4667778
  20.5646305  33.7631226
  20.9711075  34.0542755
  21.3812904  34.3401794
  21.7951279  34.6207695
  22.2125549  34.8959999
  22.6335049  35.1658096
  23.0579166  35.4301414
  23.4857197  35.6889458
  23.9168472  35.9421768
  24.3512306  36.1897812
  24.7887974  36.4317093
  25.2294769  36.667923
  25.6731987  36.8983688
  26.1198921  37.1230087
  26.569479  37.3417931
  27.0218868  37.5546913
  27.4770355  37.7616501
  27.9348545  37.9626427
  28.3952637  38.1576271
  28.8581848  38.3465652
  29.3235416  38.5294228
  29.791254  38.7061729
  30.2612419  38.8767815
  30.7334232  39.041214
  31.2077179  39.1994476
  31.6840477  39.3514557
  32.162323  39.4972115
  32.6424713  39.6366959
  33.1244049  39.7698746
  33.6080399  39.8967285
  34.0932961  40.0172386
  34.5800858  40.1313858
  35.068325  40.239151
  35.5579376  40.3405113
  36.0488319  40.4354515
  36.5409279  40.5239563
  37.0341454  40.6060104
  37.5283928  40.6815987
  38.0235863  40.7507019
  38.5196419  40.8133163
  39.0164795  40.8694229
  39.5140076  40.919014
  40.012146  40.9620781
  40.5108032  40.9986038
  41.0098991  41.0285797
  41.5093498  41.0519981
  42.0090599  41.0688477
  42.5089493  41.0791283
  43.0089302  41.0828285
  43.5089149  41.0799484
  44.0088234  41.0704842
  44.508564  41.0544243
  45.0080414  41.0317841
  45.5071793  41.0025635
  46.0058937  40.9667625
  46.5040894  40.9243813
  47.0016823  40.8754234
  47.4985809  40.8199043
  47.994709  40.7578278
  48.489975  40.6892052
  48.9842873  40.6140442
  49.477562  40.5323639
  49.9697151  40.4441719
  50.4606628  40.3494911
  50.9503174  40.2483253
  51.4385948  40.1407013
  51.9254036  40.026638
  52.4106636  39.906147
  52.8942909  39.7792511
  53.3761978  39.6459808
  53.8563004  39.5063591
  54.3345222  39.3604012
  54.8107681  39.2081375
  55.2849617  39.0495987
  55.7570229  38.8848114
  56.2268639  38.7137985
  56.6944046  38.5365982
  57.1595688  38.3532448
  57.6222687  38.1637688
  58.0824318  37.9681969
  58.5399666  37.766571
  58.9948044  37.5589218
  59.4468689  37.345295
  59.8960724  37.125721
  60.3423462  36.9002419
  60.7856064  36.6689034
  61.2257767  36.4317436
  61.6627846  36.1888046
  62.0965538  35.9401283
  62.5270157  35.6857643
  62.9540901  35.4257584
  63.3777046  35.1601562
  63.7977905  34.8890076
  64.2142792  34.6123581
  64.6270905  34.3302612
  65.0361633  34.0427551
  65.4414215  33.7499008
  65.8427963  33.4517479
  66.2402115  33.1483498
  66.6336136  32.8397598
  67.0229263  32.5260277
  67.4080963  32.2072144
  67.7890472  31.8833714
  68.1657181  31.5545616
  68.5380325  31.2208405
  68.9059448  30.882267
  69.2693939  30.5388985
  69.6283188  30.1908016
  69.9826508  29.8380318
  70.3323364  29.4806557
  70.6773148  29.1187344
  71.0175323  28.7523346
  71.3529282  28.3815174
  71.6834488  28.0063477
  72.0090332  27.6268921
  72.3296432  27.2432156
  72.6452026  26.8553829
  72.9556808  26.4634628
  73.2610092  26.067522
  73.561142  25.6676292
  73.8560333  25.263855
  74.1456299  24.856266
  74.4298859  24.4449329
  74.7087555  24.029932
  74.982193  23.6113281
  75.2501373  23.1891956
  75.5125504  22.7636032
  75.7694092  22.3346252
  76.0206451  21.9023361
  76.2662201  21.4668045
  76.5060883  21.0281048
  76.7402115  20.5863075
  76.9685287  20.141489
  77.1910172  19.6937218
  77.4076157  19.2430782
  77.6182938  18.7896366
  77.8230133  18.3334713
  78.0217285  17.8746605
  78.2144012  17.4132805
  78.4010162  16.9494152
  78.5815277  16.4831409
  78.7559204  16.0145454
  78.9241638  15.5437059
  79.086235  15.0707073
  79.2421341  14.5956364
  79.3918304  14.118577
  79.5353241  13.6396141
  79.6726074  13.1588364
  79.8037109  12.6763353
  79.9287643  12.1922312
  80.048027  11.706666
  80.1622314  11.2198849
  80.2724686  10.7321901
  80.3796921  10.243824
  80.4847031  9.75497627
  80.5880585  9.26577663
  80.6901016  8.77630043
  80.7910919  8.28660583
  80.8912048  7.79673195
  80.9905777  7.30670691
  81.0893097  6.81655312
  81.1875  6.32628918
  81.2852097  5.83592844
  81.3824844  5.3454833
  81.4793854  4.85496378
  81.5759583  4.36437941
  81.6722336  3.87373638
  81.7682495  3.38304138
  81.8640289  2.89230013
  81.9595871  2.40151787
  82.0549545  1.91069877
  82.1501694  1.41984701
  84.3606339 -10.
     *    *
