 -1.39999998  139.826416
 -1.30000007  34.4979858
 -1.20000005  38.2399673
 -1.10000002  48.3607826
 -1.  49.0552216
 -0.900000036  55.6322937
 -0.800000012  64.654953
 -0.699999988  72.3484344
 -0.600000024  74.9544067
 -0.5  72.4063797
 -0.400000006  79.7232285
 -0.300000012  84.6235886
 -0.200000003  85.6258316
 -0.100000001  91.8918686
  0.  94.7886963
  0.100000001  85.054184
  0.200000003  86.4268036
  0.300000012  80.6096802
  0.400000006  88.9399338
  0.5  73.7753296
  0.600000024  72.9146423
  0.699999988  68.3388977
  0.800000012  61.279007
  0.900000036  55.4160767
  1.  50.9076004
  1.10000002  47.1805687
  1.20000005  39.7741547
  1.30000007  35.8369064
  1.39999998  29.0280914
  1.5  23.7806587
  1.60000002  84.8400421
 -1.39999998  83.8812561
 -1.30000007  25.8152504
 -1.20000005  35.015667
 -1.10000002  38.8237686
 -1.  45.1355438
 -0.900000036  57.0145607
 -0.800000012  61.6976547
 -0.699999988  69.9951782
 -0.600000024  73.7000351
 -0.5  84.1972885
 -0.400000006  85.5566788
 -0.300000012  98.9776764
 -0.200000003  104.605522
 -0.100000001  110.106041
  0.  100.970016
  0.100000001  103.993668
  0.200000003  106.941315
  0.300000012  95.8893661
  0.400000006  98.0884476
  0.5  85.0304108
  0.600000024  83.0880585
  0.699999988  79.7978058
  0.800000012  65.4505463
  0.900000036  56.1342926
  1.  51.8588486
  1.10000002  41.0032501
  1.20000005  38.0980797
  1.30000007  30.948988
  1.39999998  23.3100414
  1.5  16.2373962
  1.60000002  44.3392944
 -1.39999998  49.9521713
 -1.30000007  24.085083
 -1.20000005  30.6921406
 -1.10000002  35.0362434
 -1.  43.1192398
 -0.900000036  54.7229996
 -0.800000012  66.9525528
 -0.699999988  76.1225662
 -0.600000024  81.4734344
 -0.5  94.5110397
 -0.400000006  102.451965
 -0.300000012  108.447388
 -0.200000003  116.848549
 -0.100000001  110.855316
  0.  116.568588
  0.100000001  115.088684
  0.200000003  113.054611
  0.300000012  112.297997
  0.400000006  97.2293243
  0.5  98.4748611
  0.600000024  91.733223
  0.699999988  76.6655655
  0.800000012  63.8111305
  0.900000036  55.6774826
  1.  47.9474182
  1.10000002  37.1406784
  1.20000005  27.8610725
  1.30000007  22.9470577
  1.39999998  18.2393169
  1.5  13.5356779
  1.60000002  21.4869938
 -1.39999998  32.0677338
 -1.30000007  17.7741833
 -1.20000005  23.845705
 -1.10000002  35.0760841
 -1.  42.4306374
 -0.900000036  50.4139175
 -0.800000012  62.308567
 -0.699999988  78.1346588
 -0.600000024  86.4093781
 -0.5  98.4835968
 -0.400000006  104.1698
 -0.300000012  114.915123
 -0.200000003  128.243805
 -0.100000001  131.367355
  0.  124.004997
  0.100000001  131.990356
  0.200000003  131.562408
  0.300000012  118.924438
  0.400000006  115.497002
  0.5  101.471886
  0.600000024  89.2880325
  0.699999988  71.5047913
  0.800000012  63.1036873
  0.900000036  52.5377998
  1.  35.9204674
  1.10000002  32.7579765
  1.20000005  26.0643139
  1.30000007  16.2674751
  1.39999998  11.9247723
  1.5  7.8915453
  1.60000002  11.0106869
 -1.39999998  20.5329857
 -1.30000007  13.6443815
 -1.20000005  21.2930775
 -1.10000002  27.5828629
 -1.  39.611908
 -0.900000036  47.3565216
 -0.800000012  60.2924423
 -0.699999988  81.0342484
 -0.600000024  87.1534424
 -0.5  105.577148
 -0.400000006  118.611122
 -0.300000012  123.816284
 -0.200000003  132.412933
 -0.100000001  140.111481
  0.  144.729111
  0.100000001  134.627533
  0.200000003  128.986603
  0.300000012  127.305824
  0.400000006  107.277176
  0.5  96.3688278
  0.600000024  88.0915527
  0.699999988  75.127861
  0.800000012  63.1749687
  0.900000036  48.6352196
  1.  37.2015419
  1.10000002  27.3717632
  1.20000005  18.0946846
  1.30000007  13.1888952
  1.39999998  9.3775053
  1.5  4.81366014
  1.60000002  6.07113171
 -1.39999998  12.333395
 -1.30000007  11.050478
 -1.20000005  17.1309662
 -1.10000002  23.0472183
 -1.  34.6179848
 -0.900000036  43.9487038
 -0.800000012  56.3913307
 -0.699999988  73.1292267
 -0.600000024  92.6030579
 -0.5  99.553215
 -0.400000006  111.849854
 -0.300000012  133.060287
 -0.200000003  146.212173
 -0.100000001  153.759552
  0.  146.175156
  0.100000001  149.700974
  0.200000003  141.30867
  0.300000012  132.197266
  0.400000006  116.542862
  0.5  104.679909
  0.600000024  87.4158478
  0.699999988  72.2367096
  0.800000012  57.7508049
  0.900000036  45.5449028
  1.  34.3140259
  1.10000002  23.9864101
  1.20000005  16.1394215
  1.30000007  9.9631958
  1.39999998  5.29963398
  1.5  3.1306169
  1.60000002  3.70845318
 -1.39999998  7.64541817
 -1.30000007  8.38146496
 -1.20000005  13.0460758
 -1.10000002  21.1427727
 -1.  30.069334
 -0.900000036  41.9843483
 -0.800000012  54.7334328
 -0.699999988  74.9147797
 -0.600000024  88.629097
 -0.5  100.247162
 -0.400000006  124.810959
 -0.300000012  127.930161
 -0.200000003  149.353455
 -0.100000001  155.423645
  0.  149.552414
  0.100000001  155.914627
  0.200000003  163.20047
  0.300000012  136.332474
  0.400000006  129.636093
  0.5  102.999794
  0.600000024  82.4128342
  0.699999988  77.3176651
  0.800000012  58.2886047
  0.900000036  42.9692497
  1.  33.0776443
  1.10000002  19.076479
  1.20000005  12.3455801
  1.30000007  8.79088974
  1.39999998  4.48157167
  1.5  2.69894862
  1.60000002  1.69085717
 -1.39999998  5.98691463
 -1.30000007  7.02918196
 -1.20000005  10.8084927
 -1.10000002  18.6458206
 -1.  27.139185
 -0.900000036  41.1404419
 -0.800000012  52.01474
 -0.699999988  73.0475845
 -0.600000024  87.0938034
 -0.5  110.509865
 -0.400000006  121.274727
 -0.300000012  139.896271
 -0.200000003  151.960297
 -0.100000001  164.17804
  0.  176.163681
  0.100000001  163.856186
  0.200000003  153.259506
  0.300000012  138.163467
  0.400000006  124.235786
  0.5  107.939011
  0.600000024  89.6152267
  0.699999988  66.5467072
  0.800000012  50.1013832
  0.900000036  38.6812973
  1.  24.4631062
  1.10000002  17.6016617
  1.20000005  10.2014093
  1.30000007  5.88966417
  1.39999998  2.95578313
  1.5  1.61656213
  1.60000002  1.06991482
 -1.39999998  4.15559387
 -1.30000007  4.35962057
 -1.20000005  8.15382481
 -1.10000002  15.6611872
 -1.  23.7195759
 -0.900000036  34.6345253
 -0.800000012  50.5658951
 -0.699999988  68.5970535
 -0.600000024  86.5385818
 -0.5  107.127464
 -0.400000006  114.179565
 -0.300000012  152.627518
 -0.200000003  155.115143
 -0.100000001  168.545349
  0.  179.863907
  0.100000001  159.927643
  0.200000003  160.539337
  0.300000012  149.074249
  0.400000006  124.427376
  0.5  108.613777
  0.600000024  91.8318787
  0.699999988  70.9466629
  0.800000012  51.565773
  0.900000036  36.5847206
  1.  24.5206013
  1.10000002  15.4395905
  1.20000005  9.77602386
  1.30000007  5.32096815
  1.39999998  2.6217401
  1.5  1.10208797
  1.60000002  0.691173851
 -1.39999998  2.76365447
 -1.30000007  3.46838784
 -1.20000005  8.1579504
 -1.10000002  14.8566389
 -1.  22.4125938
 -0.900000036  32.108799
 -0.800000012  51.3981972
 -0.699999988  69.9278107
 -0.600000024  91.7167435
 -0.5  104.530945
 -0.400000006  131.976639
 -0.300000012  150.824844
 -0.200000003  157.20285
 -0.100000001  176.461044
  0.  166.101959
  0.100000001  177.640869
  0.200000003  171.528275
  0.300000012  150.73172
  0.400000006  125.853424
  0.5  105.260635
  0.600000024  88.2320251
  0.699999988  66.9477539
  0.800000012  46.0905609
  0.900000036  33.2969437
  1.  22.2726593
  1.10000002  13.8795567
  1.20000005  7.58073759
  1.30000007  2.59282684
  1.39999998  1.67116177
  1.5  0.759545207
  1.60000002  0.464284092
 -1.39999998  2.06776142
 -1.30000007  2.83560324
 -1.20000005  6.84090328
 -1.10000002  11.7813349
 -1.  20.1353817
 -0.900000036  32.0278702
 -0.800000012  46.2723694
 -0.699999988  67.2351532
 -0.600000024  83.1257172
 -0.5  108.485939
 -0.400000006  132.584518
 -0.300000012  151.092102
 -0.200000003  162.743896
 -0.100000001  180.630081
  0.  193.624252
  0.100000001  184.499481
  0.200000003  160.522476
  0.300000012  155.64064
  0.400000006  122.555649
  0.5  106.314323
  0.600000024  85.5761108
  0.699999988  63.1589394
  0.800000012  44.6330109
  0.900000036  30.0793934
  1.  20.1285305
  1.10000002  11.3851929
  1.20000005  5.66564703
  1.30000007  3.00670195
  1.39999998  1.32622576
  1.5  0.872555077
  1.60000002  0.218016401
 -1.39999998  2.10527372
 -1.30000007  2.13168192
 -1.20000005  5.76552629
 -1.10000002  9.91972542
 -1.  17.6179733
 -0.900000036  26.7255878
 -0.800000012  44.3326416
 -0.699999988  61.4710503
 -0.600000024  81.1298904
 -0.5  110.214714
 -0.400000006  134.153076
 -0.300000012  154.974701
 -0.200000003  165.941727
 -0.100000001  179.548569
  0.  194.036682
  0.100000001  193.531036
  0.200000003  181.219482
  0.300000012  148.70993
  0.400000006  128.493134
  0.5  106.876648
  0.600000024  88.4574509
  0.699999988  60.9176254
  0.800000012  43.4916267
  0.900000036  29.9109936
  1.  16.2735424
  1.10000002  9.58481598
  1.20000005  5.58686543
  1.30000007  2.34773517
  1.39999998  1.03467143
  1.5  0.376130491
  1.60000002  0.168796971
 -1.39999998  1.40968072
 -1.30000007  1.95601439
 -1.20000005  4.47192192
 -1.10000002  10.89007
 -1.  18.1372471
 -0.900000036  29.235321
 -0.800000012  44.872364
 -0.699999988  62.7003517
 -0.600000024  89.610878
 -0.5  108.76741
 -0.400000006  138.853989
 -0.300000012  159.769165
 -0.200000003  171.902451
 -0.100000001  183.894608
  0.  193.521362
  0.100000001  189.536026
  0.200000003  173.225372
  0.300000012  151.344543
  0.400000006  133.205719
  0.5  108.214752
  0.600000024  81.0466843
  0.699999988  58.1933441
  0.800000012  40.4345627
  0.900000036  26.4033566
  1.  16.3611469
  1.10000002  7.87613773
  1.20000005  3.95798349
  1.30000007  2.06922293
  1.39999998  0.439255476
  1.5  0.341334194
  1.60000002  0.0226384494
 -1.39999998  0.890365899
 -1.30000007  1.5880568
 -1.20000005  4.10344648
 -1.10000002  8.04248047
 -1.  15.6610565
 -0.900000036  26.2158871
 -0.800000012  43.5705376
 -0.699999988  61.106369
 -0.600000024  88.2108536
 -0.5  107.604126
 -0.400000006  125.641701
 -0.300000012  155.215881
 -0.200000003  180.43512
 -0.100000001  200.551453
  0.  196.457397
  0.100000001  198.81488
  0.200000003  172.11377
  0.300000012  163.471878
  0.400000006  129.723404
  0.5  110.494797
  0.600000024  77.092804
  0.699999988  57.0286064
  0.800000012  38.1701813
  0.900000036  25.8129768
  1.  13.5552864
  1.10000002  8.53591728
  1.20000005  4.0393858
  1.30000007  1.39479423
  1.39999998  0.518386543
  1.5  0.270650178
  1.60000002  0.0312040094
 -1.39999998  0.495312452
 -1.30000007  1.46479642
 -1.20000005  3.11533713
 -1.10000002  6.91692591
 -1.  13.5665703
 -0.900000036  25.8879299
 -0.800000012  40.3728523
 -0.699999988  59.5127983
 -0.600000024  79.8298035
 -0.5  108.236023
 -0.400000006  136.505707
 -0.300000012  160.052826
 -0.200000003  182.054901
 -0.100000001  196.990738
  0.  204.921112
  0.100000001  192.222107
  0.200000003  174.398788
  0.300000012  162.65036
  0.400000006  146.083557
  0.5  100.222641
  0.600000024  83.3798523
  0.699999988  58.4970245
  0.800000012  39.2033806
  0.900000036  24.7953148
  1.  12.718421
  1.10000002  7.53426552
  1.20000005  2.92806625
  1.30000007  0.940334857
  1.39999998  0.452890337
  1.5  0.119500145
  1.60000002  0.0428259261
 -1.39999998  0.788300753
 -1.30000007  1.07755423
 -1.20000005  2.43505597
 -1.10000002  7.31629515
 -1.  12.2356586
 -0.900000036  24.479435
 -0.800000012  38.6996117
 -0.699999988  57.48563
 -0.600000024  78.5488434
 -0.5  103.424911
 -0.400000006  138.833359
 -0.300000012  164.702332
 -0.200000003  191.722458
 -0.100000001  199.283005
  0.  211.653
  0.100000001  192.241745
  0.200000003  175.673767
  0.300000012  162.09639
  0.400000006  129.905472
  0.5  107.219963
  0.600000024  78.0143661
  0.699999988  57.2228432
  0.800000012  36.6456146
  0.900000036  22.3708801
  1.  10.4265947
  1.10000002  5.99619389
  1.20000005  4.06204987
  1.30000007  1.43849635
  1.39999998  0.274300963
  1.5  0.0162480399
  1.60000002  0.0628188848
 -1.39999998  0.414435059
 -1.30000007  0.678227127
 -1.20000005  2.54287243
 -1.10000002  5.44755745
 -1.  12.6578274
 -0.900000036  21.7534046
 -0.800000012  37.8283577
 -0.699999988  57.0521622
 -0.600000024  75.3104782
 -0.5  111.45755
 -0.400000006  136.752457
 -0.300000012  163.430252
 -0.200000003  186.840424
 -0.100000001  209.51123
  0.  208.358719
  0.100000001  197.510391
  0.200000003  183.684006
  0.300000012  156.347336
  0.400000006  140.152161
  0.5  99.7367401
  0.600000024  78.5873718
  0.699999988  55.6922684
  0.800000012  35.2558174
  0.900000036  21.2882633
  1.  9.98386383
  1.10000002  5.41677284
  1.20000005  2.2501049
  1.30000007  0.951238275
  1.39999998  0.406831294
  1.5  0.279226184
  1.60000002  0.
 -1.39999998  0.329217106
 -1.30000007  0.704568803
 -1.20000005  2.29283476
 -1.10000002  4.2644639
 -1.  10.3431463
 -0.900000036  19.1947155
 -0.800000012  35.1448936
 -0.699999988  54.4703941
 -0.600000024  73.7079697
 -0.5  102.349678
 -0.400000006  143.23172
 -0.300000012  159.996109
 -0.200000003  195.660019
 -0.100000001  192.995605
  0.  207.159302
  0.100000001  209.975693
  0.200000003  202.324493
  0.300000012  174.417725
  0.400000006  134.74115
  0.5  105.741447
  0.600000024  83.7349548
  0.699999988  51.3783302
  0.800000012  36.7792664
  0.900000036  20.5038986
  1.  11.1447697
  1.10000002  5.54647207
  1.20000005  2.32418823
  1.30000007  0.734303594
  1.39999998  0.123827197
  1.5  0.028633276
  1.60000002  0.0507990494
 -1.39999998  0.216499999
 -1.30000007  0.711987674
 -1.20000005  1.3077215
 -1.10000002  4.85739183
 -1.  8.74659157
 -0.900000036  19.896862
 -0.800000012  33.1507111
 -0.699999988  54.7824249
 -0.600000024  75.4542694
 -0.5  109.293213
 -0.400000006  138.658417
 -0.300000012  166.712357
 -0.200000003  196.304428
 -0.100000001  207.630859
  0.  209.089813
  0.100000001  216.073868
  0.200000003  185.068405
  0.300000012  163.907944
  0.400000006  135.284866
  0.5  102.642982
  0.600000024  80.7987137
  0.699999988  58.3784676
  0.800000012  33.2880135
  0.900000036  17.7407951
  1.  9.99954891
  1.10000002  3.75015306
  1.20000005  1.26099312
  1.30000007  1.06484282
  1.39999998  0.198005304
  1.5  0.0373813063
  1.60000002  0.
 -1.39999998  0.0893945545
 -1.30000007  0.693684042
 -1.20000005  1.25990152
 -1.10000002  3.60303283
 -1.  8.51670837
 -0.900000036  18.1780987
 -0.800000012  32.4769402
 -0.699999988  54.3787231
 -0.600000024  77.4788132
 -0.5  102.93058
 -0.400000006  141.750107
 -0.300000012  168.105881
 -0.200000003  186.877472
 -0.100000001  213.71788
  0.  209.087585
  0.100000001  221.986496
  0.200000003  192.423141
  0.300000012  176.097565
  0.400000006  130.32193
  0.5  109.153297
  0.600000024  72.7146225
  0.699999988  50.637867
  0.800000012  33.1694946
  0.900000036  19.8830681
  1.  8.14461613
  1.10000002  4.15968657
  1.20000005  1.41376996
  1.30000007  0.331586123
  1.39999998  0.0817761645
  1.5  0.0543832518
  1.60000002  0.
 -1.39999998  0.477631152
 -1.30000007  0.887139916
 -1.20000005  1.21633375
 -1.10000002  2.95221281
 -1.  8.79772949
 -0.900000036  17.9174805
 -0.800000012  29.7448711
 -0.699999988  49.8239861
 -0.600000024  73.9563675
 -0.5  104.682899
 -0.400000006  127.426941
 -0.300000012  166.218582
 -0.200000003  203.761353
 -0.100000001  223.737549
  0.  227.006927
  0.100000001  219.021652
  0.200000003  197.168427
  0.300000012  165.047592
  0.400000006  139.37114
  0.5  106.029335
  0.600000024  76.6139984
  0.699999988  48.1931839
  0.800000012  31.1510029
  0.900000036  15.5089674
  1.  7.50283337
  1.10000002  4.60045576
  1.20000005  1.27509558
  1.30000007  0.396849155
  1.39999998  0.17547445
  1.5  0.0516912229
  1.60000002  0.
 -1.39999998  0.0661667511
 -1.30000007  0.338731021
 -1.20000005  1.37497294
 -1.10000002  3.81361103
 -1.  7.43899536
 -0.900000036  14.4641285
 -0.800000012  32.1299171
 -0.699999988  48.23246
 -0.600000024  73.1619339
 -0.5  109.510201
 -0.400000006  130.548431
 -0.300000012  174.32872
 -0.200000003  198.604095
 -0.100000001  225.304092
  0.  231.894699
  0.100000001  212.503998
  0.200000003  203.115707
  0.300000012  169.759079
  0.400000006  133.265976
  0.5  100.722237
  0.600000024  77.2024994
  0.699999988  50.6675262
  0.800000012  30.2473278
  0.900000036  16.6963367
  1.  7.54500771
  1.10000002  3.35937428
  1.20000005  1.44467974
  1.30000007  0.363742739
  1.39999998  0.109326489
  1.5  0.
  1.60000002  0.01708127
