  26.  215.546112  128.05249  28.5941505  102.652542  74.0583954
  33.2000008  17.7542572  0.124269359  16.940918  18.1337528  1.19283485
  40.4000015  22.9836845  0.0133456448  22.9071426  23.0385399  0.131397247
  47.6000023  27.0962067  0.0106912702  27.0502415  27.1405754  0.0903339386
  54.8000031  30.9165974  0.0118051209  30.8669014  30.9613419  0.0944404602
  62.0000038  34.5917892  0.0115563842  34.5377922  34.6383934  0.100601196
  69.2000046  38.1952057  0.0114130815  38.1450386  38.2394791  0.0944404602
  76.4000015  41.7545624  0.0110996915  41.707119  41.7953987  0.0882797241
  83.5999985  45.2835464  0.0105162412  45.2404518  45.326683  0.0862312317
  90.7999954  48.7906227  0.0100110397  48.7532578  48.8374329  0.0841751099
  97.9999924  52.2898712  0.0094952425  52.2516899  52.3276558  0.0759658813
  105.199989  55.7969284  0.00933400355  55.7603912  55.8384056  0.0780143738
  112.399986  59.3062248  0.00925632194  59.2690887  59.3450546  0.0759658813
  119.599983  62.8128319  0.00919372868  62.7736816  62.8496437  0.0759620667
  126.79998  66.3125916  0.00916525908  66.2762222  66.3542404  0.0780181885
  133.999985  69.8061142  0.00910736434  69.7725983  69.8424072  0.06980896
  141.199982  73.2930756  0.00906336587  73.2566605  73.330574  0.0739135742
  148.399979  76.7682724  0.00894081686  76.7263565  76.8043747  0.0780181885
  155.599976  80.2269821  0.00901668519  80.1939926  80.2617416  0.0677490234
  162.799973  83.6852417  0.00894694403  83.6513672  83.7191162  0.0677490234
  169.999969  87.1577988  0.00924284011  87.1210556  87.1908569  0.0698013306
  177.199966  90.6766891  0.00939018372  90.6379623  90.7118759  0.0739135742
