  3.24719095  1.42478848  3.24719095  1.42478848
  3.34314179  1.9154954  3.36020899  1.91184783
  3.4402895  2.40596676  3.47441602  2.39862967
  3.53881407  2.89616346  3.58999205  2.88508797
  3.63891315  3.38604093  3.70713472  3.37117171
  3.74081826  3.8755455  3.82607532  3.85681844
  3.84478474  4.36461687  3.94706893  4.34195805
  3.95111489  4.85317898  4.07041693  4.82650375
  4.0601449  5.34114552  4.19645262  5.31035662
  4.17227268  5.82840872  4.32556915  5.79339647
  4.28794384  6.3148427  4.45820951  6.27548027
  4.40770674  6.80028534  4.59491444  6.75642633
  4.53219271  7.28453732  4.73631191  7.23601389
  4.66219521  7.76733589  4.88317871  7.71395302
  4.79865694  8.24834824  5.036448  8.18987656
  4.94282913  8.72710228  5.19731092  8.66328335
  5.09628057  9.20296001  5.36727285  9.13349628
  5.26117802  9.6749649  5.54830885  9.59955025
  5.44037294  10.141717  5.74315214  10.0599928
  5.63793707  10.6009655  5.95536995  10.5126619
  5.85972071  11.048974  6.19045973  10.9538412
  6.11151075  11.4807625  6.45379972  11.3787012
  6.39896011  11.8895836  6.7506547  11.7807674
  6.72581625  12.2675476  7.08491325  12.1522188
  7.0913806  12.6081848  7.45675707  12.4860001
  7.49232388  12.9063454  7.86292696  12.77701
  7.92436409  13.1573124  8.29914093  13.0206556
  8.38220978  13.3573561  8.76025105  13.2130556
  8.85992813  13.5037203  9.24033356  13.3514709
  9.35127258  13.594368  9.73311043  13.4339771
  9.84977436  13.6280203  10.2320995  13.4594107
  10.3488407  13.6041756  10.7307081  13.4273844
  10.8418579  13.5231237  11.2223377  13.3383045
  11.3222914  13.3859406  11.7004862  13.1933537
  11.7837839  13.1944695  12.1588373  12.994483
  12.2202482  12.951292  12.5914526  12.7445078
  12.6261368  12.6599131  12.9931927  12.4474192
  12.9968948  12.3249483  13.3597841  12.1078844
  13.3289061  11.9515181  13.688118  11.7311831
  13.6206913  11.545805  13.9788971  11.3246946
  13.8753967  11.1157513  14.2362394  10.8961716
  14.0984278  10.6683769  14.4654064  10.4518852
  14.2954159  10.2088928  14.6716776  9.99647522
  14.4720802  9.74118423  14.8602409  9.53342915
  14.6327219  9.26772022  15.0342855  9.06472301
  14.7801905  8.78998089  15.196413  8.59175301
  14.9167519  8.30900383  15.3484335  8.11543465
  15.0439939  7.82547474  15.4918194  7.63644314
  15.1632452  7.33991098  15.6276941  7.15526533
  15.275506  6.85268116  15.7569952  6.67227793
  15.3816471  6.36408091  15.8804932  6.18777323
  15.4823685  5.87433386  15.998848  5.70198631
  15.5782909  5.3836236  16.1126213  5.21510553
  15.6699247  4.89209366  16.2223015  4.72728491
  15.7577333  4.3998661  16.3283138  4.23865461
  15.8421116  3.90703893  16.431036  3.7493217
  15.9234219  3.41369557  16.5308037  3.25937724
  16.0019722  2.91990495  16.6279182  2.76889968
  16.0780506  2.42572737  16.7226467  2.27795553
  16.1519051  1.93121243  16.8152294  1.78660202
  16.2237644  1.43640399  16.9058838  1.29488909
  17.8310623 -10.  18.950943 -10.
   *     *     *     * 
  3.24719095  1.42478848  3.24719095  1.42478848
  3.34286857  1.91554868  3.35993791  1.91191077
  3.43914461  2.40619206  3.47327948  2.39889503
  3.53610969  2.89669967  3.58730626  2.8857193
  3.6338625  3.38705087  3.70211649  3.37235951
  3.73251915  3.87722087  3.81782675  3.85878587
  3.83220744  4.36718178  3.93456531  4.34496689
  3.93307948  4.85690069  4.05248356  4.830863
  4.03530359  5.34633875  4.17174864  5.31643009
  4.139081  5.8354497  4.29255962  5.80161428
  4.24463606  6.32418013  4.41514111  6.28635502
  4.35224628  6.81246233  4.53976583  6.77057409
  4.46223116  7.30021477  4.66675425  7.25417852
  4.57499409  7.78733206  4.79650354  7.73704863
  4.69101524  8.27368355  4.92949152  8.21903706
  4.81094217  8.75908566  5.06634569  8.69994068
  4.93558741  9.24329662  5.20786047  9.179492
  5.06613016  9.72594833  5.35512257  9.65730762
  5.2041235  10.2065201  5.50961828  10.1328325
  5.35196066  10.6841478  5.67349529  10.6051979
  5.5129981  11.1574764  5.84997225  11.0729904
  5.69089508  11.624711  6.04251003  11.5343876
  5.88962841  12.0834465  6.25492001  11.9869566
  6.11202002  12.5311766  6.49025536  12.4280224
  6.35861111  12.9660416  6.74925995  12.8556108
  6.62935352  13.3862906  7.03188562  13.2679634
  6.92362547  13.7904119  7.33757353  13.6635199
  7.24056101  14.1770134  7.6654191  14.0409145
  7.57918406  14.5447683  8.01441383  14.3988419
  7.93841457  14.8924208  8.38344383  14.7360735
  8.31709576  15.2187786  8.77131367  15.0514565
  8.71399117  15.5227242  9.176754  15.3439054
  9.12779713  15.8032122  9.59842873  15.6124172
  9.55714321  16.0592785  10.0349388  15.8560677
  10.0006008  16.2900448  10.4848328  16.0740204
  10.4566898  16.4947147  10.9466047  16.2655258
  10.9238825  16.6725864  11.4187059  16.4299278
  11.4006081  16.8230476  11.8995504  16.5666561
  11.8852663  16.9455814  12.3875208  16.6752472
  12.3762217  17.0397644  12.8809738  16.7553177
  12.8718176  17.1052704  13.3782434  16.8065968
  13.3703823  17.1418743  13.8776522  16.8289013
  13.8702326  17.1494484  14.3775139  16.8221569
  14.3696775  17.127964  14.8761396  16.7863789
  14.8670292  17.0774918  15.3718433  16.7216911
  15.3606071  16.9981956  15.8629494  16.6283035
  15.8487406  16.8903427  16.3477974  16.5065327
  16.3297787  16.7542973  16.8247509  16.3567886
  16.8020973  16.5905151  17.2921944  16.1795769
  17.2640934  16.3995571  17.7485466  15.9754992
  17.7142086  16.1820641  18.1922703  15.745244
  18.1509228  15.9387751  18.6218624  15.4895935
  18.5727577  15.6705179  19.0358772  15.2094164
  18.9782925  15.3781996  19.4329147  14.9056616
  19.3661575  15.0628147  19.8116417  14.57936
  19.7350464  14.7254314  20.1707821  14.231617
  20.0837193  14.3671942  20.5091286  13.8636112
  20.4110031  13.9893179  20.8255634  13.4766026
  20.7158146  13.5930872  21.1190701  13.071929
  20.9971657  13.1798697  21.3887882  12.651022
  21.2541962  12.7511005  21.6344013  12.2156038
  21.4865265  12.3084536  21.8560371  11.7674952
  21.6942692  11.8537407  22.0555611  11.3090897
  21.8789215  11.3891497  22.2366352  10.8430672
  22.0441513  10.9172792  22.402914  10.3715496
  22.1938305  10.4402332  22.5576611  9.89611149
  22.3313541  9.95953178  22.7036285  9.41790009
  22.4597015  9.47629261  22.8424492  8.9375639
  22.5806446  8.99114513  22.9754543  8.45558262
  22.6955872  8.50453949  23.1035099  7.97226286
  22.8054562  8.01676273  23.2273579  7.48784542
  22.9110165  7.52803469  23.3475323  7.0025034
  23.0128288  7.03851128  23.4645004  6.51637888
  23.1113777  6.54832029  23.5786324  6.02957916
  23.2070389  6.05755758  23.6902466  5.54219675
  23.3001499  5.56630468  23.799614  5.05430508
  23.3909855  5.07462549  23.9069748  4.56596756
  23.4797897  4.58257532  24.0125332  4.07723713
  23.5667706  4.09019947  24.1164722  3.58816004
  23.6521206  3.59753799  24.218956  3.09877563
  23.7359982  3.10462379  24.3201256  2.60911846
  23.8185558  2.61148667  24.4201145  2.11921835
  23.8999233  2.1181519  24.5190411  1.62910235
  23.9802208  1.62464178  24.6170063  1.13879347
  24.0595531  1.13097584  26.82798 -10.
    25.834   -10.000   *    *  
   *     *     *     * 
  3.24719095  1.42478848  3.24719095  1.42478848
  3.34277797  1.91556668  3.35984731  1.91193163
  3.43876362  2.40626693  3.47290015  2.398983
  3.53520846  2.89687729  3.58641005  2.88592815
  3.63217878  3.3873837  3.70044255  3.372751
  3.72975183  3.87777066  3.81507516  3.8594327
  3.82801294  4.36802006  3.93039322  4.34595299
  3.92706347  4.85811043  4.0464983  4.83228588
  4.02701616  5.34801865  4.16350317  5.31840277
  4.12800503  5.83771324  4.28153896  5.80426979
  4.23018026  6.32716131  4.40075684  6.2898488
  4.33372736  6.81632137  4.52133894  6.77509022
  4.43885946  7.30514336  4.64350033  7.25993681
  4.54584789  7.79356146  4.76750708  7.74431467
  4.65501356  8.28149796  4.8936801  8.22813225
  4.7667923  8.7688427  5.02244377  8.71126556
  4.88173008  9.25545025  5.1543355  9.19355392
  5.00062656  9.74110699  5.29009914  9.67476654
  5.12454653  10.225502  5.43075085  10.1545725
  5.25515747  10.7081347  5.57779503  10.6324539
  5.39477253  11.1882334  5.73346472  11.1075907
  5.54597569  11.6648016  5.90021229  11.5789461
  5.71161175  12.1365366  6.08079767  12.0451651
  5.89365435  12.6021805  6.27739239  12.5048542
  6.09265709  13.0608292  6.49063396  12.9570599
  6.30882502  13.5116415  6.72074366  13.4009171
  6.54198456  13.9539042  6.96757841  13.8356962
  6.79186726  14.3869381  7.23084736  14.260725
  7.05814981  14.8100843  7.51021147  14.6753521
  7.34047365  15.222702  7.80529022  15.0789461
  7.63844919  15.6241617  8.11567497  15.470891
  7.95165968  16.0138512  8.4409256  15.8505888
  8.27966118  16.3911762  8.78058147  16.2174587
  8.62198257  16.7555599  9.1341486  16.5709419
  8.97812653  17.1064434  9.50111198  16.9104939
  9.34757233  17.4432964  9.88093376  17.2355995
  9.72977352  17.7656002  10.2730522  17.545763
  10.1241655  18.0728683  10.6768837  17.8405151
  10.53016  18.3646355  11.0918283  18.1194057
  10.9471521  18.6404572  11.5172653  18.3820114
  11.3745165  18.8999157  11.9525595  18.6279373
  11.8116131  19.1426182  12.3970566  18.8568058
  12.2577906  19.3681965  12.8500919  19.0682716
  12.7123766  19.5763054  13.3109846  19.2620144
  13.1746912  19.7666321  13.7790442  19.4377365
  13.6440392  19.9388828  14.2535677  19.5951729
  14.1197176  20.0927925  14.7338428  19.7340775
  14.6010113  20.2281265  15.2191477  19.8542347
  15.0871944  20.3446789  15.7087517  19.9554596
  15.5775356  20.4422646  16.2019196  20.03759
  16.0712967  20.5207348  16.6979046  20.1004982
  16.5677357  20.5799618  17.195961  20.1440811
  17.0660973  20.619854  17.6953316  20.168272
  17.5656376  20.6403446  18.1952686  20.1730232
  18.0655937  20.6413937  18.6950111  20.1583271
  18.5652161  20.6229973  19.1938038  20.1242008
  19.0637417  20.5851765  19.6908913  20.0706921
  19.5604191  20.5279827  20.1855183  19.9978771
  20.054493  20.4515038  20.6769371  19.9058647
  20.5452156  20.3558483  21.164402  19.7947941
  21.0318413  20.2411594  21.6471729  19.6648331
  21.5136318  20.1076069  22.1245213  19.51618
  21.9898567  19.9553909  22.5957222  19.349062
  22.4597893  19.7847443  23.0600624  19.1637383
  22.9227219  19.5959263  23.5168438  18.9604931
  23.3779526  19.3892288  23.9653759  18.7396374
  23.8247929  19.1649704  24.4049816  18.5015068
  24.2625713  18.9234982  24.8349915  18.2464638
  24.6906223  18.6651783  25.2547626  17.9748936
  25.108305  18.3904057  25.66366  17.6872101
  25.5149879  18.0995998  26.06106  17.3838463
  25.9100552  17.7932014  26.4463673  17.065258
  26.2929096  17.471674  26.8189945  16.7319298
  26.6629715  17.1355038  27.1783791  16.3843651
  27.0196819  16.7851944  27.5239773  16.0230865
  27.3624992  16.421278  27.8552704  15.6486492
  27.6909084  16.0443096  28.1717567  15.2616158
  28.0044136  15.6548567  28.4729614  14.8625755
  28.3025436  15.2535114  28.7584343  14.4521332
  28.5848484  14.8408813  29.0277462  14.0309105
  28.8509045  14.417594  29.2805023  13.5995464
  29.1003151  13.9842892  29.5163498  13.1587124
  29.3327141  13.5416298  29.7350044  12.7091017
  29.5477924  13.0902977  29.9365082  12.2515459
  29.7453156  12.631012  30.1212139  11.7869501
  29.9254379  12.1646233  30.2905693  11.3165302
  30.088644  11.6920443  30.447279  10.8417387
  30.2368011  11.2145224  30.5939598  10.3637476
  30.3727627  10.7333775  30.7328854  9.88344097
  30.4991188  10.2496147  30.8659306  9.40147114
  30.6181602  9.76399708  30.9942055  8.91820812
  30.7315826  9.27703476  31.118597  8.4339304
  30.8404446  8.78903103  31.2396965  7.94881773
  30.94557  8.30020905  31.3579922  7.46301413
  31.0475178  7.81071281  31.4738407  6.97662115
  31.1467533  7.32066011  31.5875549  6.48972464
  31.2436199  6.83013344  31.699379  6.00238991
  31.3384151  6.3392024  31.8095303  5.51467466
  31.4313755  5.84792089  31.9181862  5.02662373
  31.522707  5.35633373  32.0255013  4.53827667
  31.612587  4.86447906  32.1316147  4.04966688
  31.7011681  4.37238836  32.2366524  3.56082368
  31.7885799  3.88008881  32.3407135  3.07177258
  31.8749447  3.387604  32.4439011  2.58253574
  31.9603634  2.8949542  32.5462914  2.0931325
  32.0449333  2.40215826  32.6479721  1.60358083
  32.1287384  1.90923119  32.749012  1.11389589
  32.2118492  1.41618729  35.0323677 -10.
    34.117   -10.000   *    *  
   *     *     *     * 
  3.24719095  1.42478848  3.24719095  1.42478848
  3.34273195  1.91557539  3.35980225  1.91194224
  3.43857241  2.40630412  3.47271061  2.39902711
  3.53475738  2.8969655  3.58596206  2.88603258
  3.63133645  3.3875494  3.69960546  3.37294674
  3.72836733  3.87804389  3.81369877  3.85975528
  3.82591462  4.36843634  3.92830658  4.34644318
  3.92405438  4.85871029  4.04350471  4.83299208
  4.02287102  5.34884834  4.15937757  5.31938028
  4.12246513  5.83882904  4.27602482  5.805583
  4.2229495  6.32862759  4.39355898  6.29157257
  4.32446289  6.81821346  4.51211739  6.77731276
  4.42716599  7.30755138  4.63186121  7.26276207
  4.53126287  7.7965951  4.75299072  7.74786758
  4.63699389  8.28528786  4.87574816  8.23256397
  4.74468851  8.77355099  5.00045204  8.71676159
  4.85475683  9.26128292  5.12750959  9.2003479
  4.96780348  9.74833488  5.25748682  9.68315697
  5.08463383  10.2344923  5.39115238  10.164958
  5.20652819  10.7194023  5.52966118  10.6453867
  5.33524656  11.2025423  5.6747179  11.1238766
  5.47277498  11.6832447  5.82821369  11.599721
  5.62131166  12.1606531  5.99228907  12.0720148
  5.78235912  12.6339855  6.16861105  12.5398722
  5.95638943  13.1026983  6.35770369  13.0027151
  6.14362526  13.5662928  6.55980682  13.4600248
  6.34401131  14.0243559  6.77488089  13.9113789
  6.55743551  14.4764919  7.00280333  14.3563824
  6.78375483  14.9223137  7.24342108  14.794652
  7.02280712  15.3614397  7.49655819  15.225812
  7.27441692  15.7934923  7.76202631  15.6494913
  7.53839445  16.2181015  8.03962135  16.0653267
  7.81453514  16.634901  8.32912827  16.4729576
  8.10262489  17.0435352  8.63031769  16.872036
  8.40243244  17.4436474  8.9429493  17.2622128
  8.71371651  17.8348999  9.2667675  17.643158
  9.03622246  18.2169571  9.60150623  18.0145435
  9.36968327  18.5894909  9.94688606  18.3760509
  9.71382046  18.9521828  10.3026218  18.7273731
  10.068346  19.3047295  10.6684151  19.0682125
  10.4329643  19.6468277  11.0439587  19.3982811
  10.8073683  19.9781876  11.428936  19.7172928
  11.1912422  20.2985287  11.8230238  20.0249786
  11.5842619  20.6075764  12.2258911  20.3210754
  11.9860935  20.905077  12.6371984  20.6053333
  12.3963995  21.1907787  13.0565968  20.8775139
  12.8148336  21.4644394  13.4837322  21.1373806
  13.2410402  21.725832  13.9182434  21.3847218
  13.6746588  21.9747334  14.3597631  21.6193199
  14.115325  22.2109318  14.8079185  21.8409824
  14.5626678  22.4342289  15.2623329  22.0495148
  15.0163097  22.6444378  15.7226229  22.2447357
  15.4758682  22.8413734  16.1883984  22.4264793
  15.940958  23.0248623  16.6592674  22.5945854
  16.4111881  23.194746  17.1348305  22.7489052
  16.8861599  23.3508778  17.6146908  22.889307
  17.3654785  23.4931202  18.0984364  23.0156612
  17.8487339  23.6213436  18.5856609  23.1278572
  18.3355198  23.7354355  19.0759506  23.2257957
  18.8254242  23.835289  19.5688877  23.3093872
  19.3180313  23.9208088  20.0640564  23.3785553
  19.8129272  23.9919205  20.5610332  23.4332333
  20.3096867  24.0485554  21.0593967  23.4733696
  20.807888  24.0906582  21.5587196  23.4989281
  21.3071079  24.1181889  22.0585766  23.5098782
  21.8069191  24.1311169  22.5585423  23.5062103
  22.3068924  24.129425  23.0581837  23.4879208
  22.8066025  24.1131115  23.5570774  23.4550209
  23.3056221  24.0821857  24.0547924  23.4075356
  23.8035221  24.0366707  24.5509052  23.3455048
  24.2998772  23.9766006  25.0449886  23.2689781
  24.7942619  23.9020252  25.5366192  23.1780167
  25.2862492  23.8130035  26.0253792  23.0726948
  25.7754173  23.7096119  26.5108433  22.9531059
  26.2613468  23.5919342  26.9925938  22.8193474
  26.7436199  23.4600716  27.4702187  22.6715336
  27.2218227  23.3141346  27.9433079  22.5097847
  27.6955433  23.1542454  28.4114532  22.33424
  28.1643734  22.9805412  28.8742542  22.14505
  28.6279106  22.7931671  29.3313084  21.942379
  29.0857563  22.5922852  29.7822266  21.7263966
  29.5375156  22.3780689  30.2266216  21.4972839
  29.9828014  22.1506996  30.6641064  21.2552433
  30.4212265  21.9103718  31.0943069  21.0004787
  30.852417  21.6572895  31.5168514  20.7332096
  31.2759991  21.3916721  31.9313793  20.4536667
  31.6916084  21.1137428  32.337532  20.1620884
  32.0988884  20.8237419  32.7349548  19.8587265
  32.4974899  20.5219231  33.1233177  19.5438461
  32.8870659  20.2085419  33.5022926  19.2177258
  33.2672844  19.8838711  33.8715591  18.8806515
  33.6378174  19.5481911  34.2308006  18.5329151
  33.9983559  19.2018013  34.5797157  18.1748161
  34.3486023  18.8450012  34.9180069  17.8066635
  34.6882515  18.4781036  35.2453766  17.428772
  35.017025  18.1014252  35.5615501  17.0414619
  35.3346329  17.7152882  35.8662529  16.6450634
  35.6408043  17.3200245  36.1592255  16.2399178
  35.9352722  16.9159698  36.4402084  15.8263702
  36.2177925  16.5034657  36.7089729  15.4047737
  36.4881172  16.0828724  36.9652786  14.9754925
  36.7460175  15.6545429  37.2089157  14.5388927
  36.9912605  15.2188482  37.4396629  14.0953493
  37.2236481  14.7761621  37.6573372  13.6452446
  37.4429817  14.3268633  37.861763  13.1889715
  37.6490669  13.8713369  38.0528145  12.7269373
  37.8417435  13.4099779  38.2305984  12.259635
  38.020874  12.9431906  38.395462  11.7876167
  38.1864357  12.4714193  38.5485764  11.3116522
  38.3387108  11.9951935  38.69207  10.832695
  38.4783821  11.5151148  38.8279839  10.3515272
  38.6073761  11.0320511  38.9580574  9.8687458
  38.72789  10.5467997  39.0837173  9.38479519
  38.8418121  10.0599546  39.2057953  8.89992809
  38.9507942  9.57197857  39.3249702  8.41434002
  39.0558662  9.08314419  39.4416771  7.92815113
  39.1577797  8.59364128  39.556282  7.44146299
  39.2570534  8.10359478  39.6690521  6.95434713
  39.3540878  7.61310101  39.7802277  6.46686411
  39.4491806  7.12222815  39.8899841  5.97906065
  39.5425949  6.63103199  39.9984894  5.49097633
  39.6345215  6.1395545  40.1058769  5.00264406
  39.7251358  5.64783382  40.2122688  4.5140934
  39.814579  5.15589905  40.3177528  4.02534723
  39.902977  4.66377497  40.4224281  3.53642774
  39.9904366  4.17148399  40.5263824  3.04735231
  40.0770569  3.67904449  40.6296768  2.55813813
  40.1629219  3.18647218  40.7323723  2.06879902
  40.2481079  2.69378185  40.8345375  1.57934809
  40.3326797  2.20098567  40.9362221  1.08979642
  40.4166946  1.70809495  43.2342949 -10.
    40.500     1.215   *    *  
    42.391   -10.000   *    *  
   *     *     *     * 
  3.24719095  1.42478848  3.24719095  1.42478848
  3.34270501  1.91558087  3.35977507  1.91194844
  3.4384582  2.40632653  3.47259736  2.39905334
  3.53448725  2.89701843  3.5856936  2.88609457
  3.63083148  3.38764858  3.69910312  3.37306309
  3.72753739  3.87820768  3.81287313  3.85994768
  3.82465601  4.36868477  3.92705464  4.34673548
  3.92224884  4.85906744  4.04170847  4.83341217
  4.02038288  5.34934282  4.15690184  5.31996107
  4.11913967  5.8394928  4.27271557  5.80636311
  4.2186079  6.32949924  4.38923883  6.29259586
  4.31890059  6.81933689  4.50658178  6.77863121
  4.42014551  7.30897903  4.62487364  7.26443672
  4.52250576  7.79838896  4.74427509  7.74996996
  4.62617445  8.28752327  4.86497974  8.23518085
  4.73141527  8.77632141  4.98724461  8.72000122
  4.83855677  9.26470566  5.11139441  9.20434189
  4.94808531  9.75256157  5.23788738  9.68807602
  5.06064796  10.2397261  5.36734152  10.1710253
  5.17728233  10.7259302  5.50069332  10.6529121
  5.29940891  11.2107811  5.6393199  11.1333065
  5.42863846  11.6937847  5.78475761  11.6116791
  5.56675625  12.1743174  5.93875027  12.0873623
  5.7149725  12.6518316  6.10264587  12.5597229
  5.87368917  13.1259575  6.27688408  13.028368
  6.04310894  13.596365  6.46168375  13.4929485
  6.22322083  14.0627823  6.65704393  13.9531879
  6.41397238  14.52495  6.86290503  14.4088268
  6.61528778  14.9826155  7.07918596  14.8596125
  6.82708216  15.4355268  7.30579185  15.3052979
  7.04926014  15.8834343  7.54262018  15.745636
  7.28172064  16.3260937  7.78955889  16.1803837
  7.52435398  16.7632599  8.04649067  16.6093025
  7.77704239  17.1946907  8.31328869  17.0321541
  8.03966141  17.6201515  8.58981991  17.4487095
  8.31207657  18.0394058  8.87594032  17.8587341
  8.59414864  18.4522247  9.17150497  18.2620029
  8.88572884  18.8583832  9.47635555  18.6583023
  9.18666267  19.2576599  9.79033184  19.0474091
  9.49678993  19.6498413  10.113265  19.4291172
  9.81594372  20.0347157  10.4449825  19.803215
  10.1439524  20.4120693  10.785306  20.1695004
  10.4806356  20.781702  11.1340513  20.5277748
  10.8258104  21.1434193  11.4910269  20.8778496
  11.1792879  21.4970284  11.856041  21.2195358
  11.5408735  21.8423424  12.2288933  21.5526505
  11.910368  22.1791801  12.6093807  21.877018
  12.287571  22.5073605  12.9972973  22.1924648
  12.6722746  22.8267193  13.3924294  22.4988251
  13.0642672  23.137085  13.7945652  22.7959347
  13.4633379  23.4382954  14.2034855  23.0836353
  13.8692694  23.730196  14.6189699  23.3617706
  14.2818413  24.0126324  15.0407944  23.6301937
  14.7008333  24.2854519  15.4687309  23.8887558
  15.1260204  24.5485115  15.9025526  24.1373196
  15.5571766  24.8016701  16.3420258  24.3757458
  15.9940739  25.0447865  16.7869167  24.6039047
  16.4364796  25.277729  17.2369881  24.8216686
  16.8841591  25.5003681  17.6919975  25.0289135
  17.336874  25.7125759  18.1517048  25.2255211
  17.7943878  25.9142342  18.6158638  25.411377
  18.2564564  26.1052227  19.0842228  25.5863743
  18.7228374  26.2854309  19.5565338  25.750412
  19.1932812  26.4547501  20.0325394  25.9033947
  19.6675358  26.613081  20.5119877  26.045229
  20.1453476  26.7603226  20.9946156  26.1758289
  20.6264572  26.8963909  21.4801598  26.2951202
  21.1106129  27.021204  21.9683609  26.4030323
  21.5975494  27.1346836  22.45895  26.4995003
  22.0870056  27.2367592  22.951664  26.5844612
  22.5787106  27.3273678  23.4462318  26.6578712
  23.0723991  27.406456  23.9423809  26.7196808
  23.5678043  27.4739761  24.4398441  26.7698536
  24.0646534  27.5298882  24.938345  26.8083534
  24.5626774  27.574152  25.4376106  26.8351631
  25.0615997  27.606739  25.9373646  26.8502579
  25.5611496  27.6276321  26.4373379  26.8536282
  26.0610485  27.6368122  26.937254  26.8452702
  26.5610275  27.6342735  27.4368362  26.8251858
  27.0608082  27.6200104  27.9358082  26.7933769
  27.5601196  27.5940285  28.4338932  26.7498627
  28.0586815  27.5563393  28.9308205  26.6946659
  28.556221  27.506958  29.4263153  26.6278076
  29.0524654  27.4459114  29.9201031  26.5493279
  29.5471401  27.3732262  30.411911  26.4592667
  30.0399704  27.2889423  30.9014645  26.3576679
  30.5306816  27.1931  31.3884945  26.244585
  31.0190067  27.0857487  31.8727303  26.1200829
  31.504673  26.9669456  32.3539047  25.9842205
  31.9874096  26.8367519  32.8317451  25.8370743
  32.4669456  26.6952381  33.3059921  25.6787224
  32.9430237  26.5424786  33.7763786  25.5092525
  33.4153709  26.3785534  34.2426453  25.3287525
  33.8837318  26.2035561  34.7045326  25.1373253
  34.3478394  26.0175762  35.1617851  24.9350739
  34.8074379  25.820715  35.6141434  24.722105
  35.2622681  25.6130829  36.0613632  24.498539
  35.7120857  25.3947906  36.5031929  24.2645016
  36.1566353  25.1659584  36.9393845  24.0201187
  36.595665  24.9267139  37.3696938  23.7655239
  37.0289345  24.677187  37.7938881  23.500864
  37.4561996  24.4175186  38.2117271  23.2262821
  37.877224  24.1478481  38.6229782  22.9419308
  38.2917786  23.86833  39.0274162  22.6479683
  38.6996231  23.5791168  39.4248161  22.3445568
  39.1005402  23.2803669  39.8149605  22.0318642
  39.4943047  22.9722519  40.1976204  21.7100697
  39.8806953  22.6549397  40.5726013  21.3793507
  40.2595024  22.3286095  40.9396858  21.0398884
  40.6305122  21.9934406  41.2986794  20.6918793
  40.9935188  21.649622  41.6493759  20.3355122
  41.3483238  21.2973499  41.9915848  19.9709911
  41.6947327  20.9368153  42.325119  19.5985146
  42.0325546  20.568222  42.6498032  19.2182999
  42.3616028  20.1917782  42.9654579  18.830555
  42.6816978  19.8076897  43.2719231  18.4355068
  42.9926682  19.4161777  43.5690231  18.0333672
  43.2943459  19.0174618  43.8565903  17.6243591
  43.5865707  18.6117668  44.1344757  17.2087078
  43.8691826  18.199316  44.4025116  16.7866402
  44.142025  17.7803383  44.6605453  16.358387
  44.4049492  17.3550663  44.9084396  15.9241848
  44.6578026  16.9237309  45.1460609  15.484272
  44.9004478  16.4865704  45.3732605  15.0388927
  45.13274  16.0438271  45.5899277  14.5882921
  45.3545532  15.5957394  45.7959328  14.132719
  45.5657692  15.1425591  45.9911652  13.6724272
  45.7662697  14.684535  46.1755295  13.2076759
  45.9559326  14.2219219  46.3489532  12.7387333
  46.1346626  13.7549734  46.5115623  12.2659273
  46.3023682  13.2839546  46.6636505  11.7896347
  46.4589806  12.8091316  46.8062057  11.3103971
  46.6045952  12.3308182  46.9409904  10.8289108
  46.7395096  11.8493767  47.0696602  10.3457546
  46.8645935  11.365284  47.1936493  9.8613739
  46.9816093  10.8791761  47.3141022  9.37609959
  47.0922928  10.3915863  47.4316864  8.89012432
  47.1981239  9.90291786  47.5469437  8.40359116
  47.300312  9.41347313  47.6602287  7.91659403
  47.399559  8.92342377  47.7718391  7.42920923
  47.4964294  8.43289852  47.8819809  6.94149113
  47.5912971  7.94197989  47.9908447  6.45348644
  47.6844559  7.45073462  48.0985756  5.96523094
  47.7761345  6.9592104  48.2053108  5.47675562
  47.8665123  6.46744633  48.3111496  4.98808575
  47.9557457  5.97547388  48.4161873  4.49924326
  48.0439682  5.48331928  48.520504  4.01024723
  48.1312904  4.99100351  48.624176  3.5211134
  48.2178078  4.49854565  48.7272682  3.03185654
  48.3036003  4.00596094  48.829834  2.54248905
  48.3887405  3.51326323  48.9319229  2.05302262
  48.4732971  3.02046442  49.0335884  1.56346714
  48.5573235  2.52757597  49.1348686  1.0738318
  48.640873  2.03460646  51.4211578 -10.
    48.724     1.542   *    *  
    48.807     1.048   *    *  
    50.656   -10.000   *    *  
   *     *     *     * 
  3.24719095  1.42478848  3.24719095  1.42478848
  3.34268665  1.91558433  3.35975695  1.91195261
  3.43838191  2.40634155  3.47252107  2.39907098
  3.53430653  2.89705348  3.58551383  2.88613653
  3.63049412  3.38771391  3.69876814  3.37314105
  3.72698283  3.87831545  3.81232238  3.86007571
  3.82381606  4.36884928  3.92621994  4.3469305
  3.92104411  4.8593049  4.04051113  4.83369255
  4.01872349  5.34967089  4.15525246  5.32034874
  4.11692142  5.83993292  4.27050972  5.80688286
  4.21571302  6.33007574  4.38635874  6.29327679
  4.31519079  6.82007933  4.50289202  6.77950716
  4.41546345  7.30992174  4.62021589  7.26554775
  4.51666546  7.79957247  4.73846436  7.75136375
  4.61895847  8.28899765  4.85779953  8.23691368
  4.72256184  8.77814579  4.97843552  8.72214127
  4.82775021  9.26695633  5.10064459  9.20697594
  4.93493032  9.75533295  5.22481012  9.69131279
  5.04464293  10.2431469  5.35144901  10.1750078
  5.15775919  10.7301817  5.48134804  10.6578369
  5.27547026  11.2161245  5.61566257  11.1394558
  5.39912939  11.7005863  5.75568581  11.6194439
  5.53023863  12.1830826  5.90288734  12.0972767
  5.66981077  12.6631985  6.05839539  12.5724697
  5.81819248  13.1406641  6.22258806  13.0447311
  5.97556448  13.615242  6.3956604  13.5138111
  6.14193296  14.0867405  6.57762814  13.9795122
  6.31727314  14.5549784  6.76846075  14.4416523
  6.50154161  15.0197735  6.96811008  14.900053
  6.69468689  15.4809494  7.17651939  15.354537
  6.89665365  15.9383326  7.39362717  15.8049297
  7.10738182  16.3917465  7.61936522  16.2510586
  7.32680559  16.8410149  7.85366106  16.6927547
  7.55485392  17.2859669  8.09643936  17.1298447
  7.7914505  17.7264347  8.34761715  17.5621643
  8.03651428  18.1622467  8.60710526  17.9895458
  8.28995895  18.5932407  8.87481308  18.4118271
  8.55169201  19.0192509  9.1506443  18.8288479
  8.82161999  19.4401169  9.43449402  19.2404537
  9.09964085  19.8556824  9.72626019  19.6464844
  9.38565063  20.2657871  10.0258331  20.0467911
  9.67954159  20.6702843  10.3331013  20.4412231
  9.98119831  21.0690231  10.6479464  20.8296337
  10.2905073  21.4618568  10.9702482  21.2118778
  10.6073456  21.8486404  11.2998819  21.5878181
  10.931591  22.2292385  11.6367216  21.9573135
  11.2631159  22.6035137  11.9806376  22.3202362
  11.6017866  22.9713345  12.3314962  22.6764488
  11.9474735  23.332571  12.6891613  23.0258293
  12.3000374  23.6870956  13.0534964  23.368248
  12.6593418  24.03479  13.4243593  23.7035866
  13.0252466  24.3755302  13.8016081  24.0317211
  13.3976097  24.7091999  14.1851006  24.3525391
  13.776288  25.0356865  14.5746899  24.6659222
  14.1611376  25.3548737  14.9702311  24.9717598
  14.5520134  25.6666527  15.3715773  25.2699375
  14.9487686  25.9709148  15.7785778  25.5603523
  15.3512564  26.2675514  16.1910801  25.8428955
  15.7593279  26.5564594  16.6089382  26.1174583
  16.1728363  26.8375301  17.0319958  26.3839378
  16.591629  27.1106644  17.4601002  26.6422329
  17.0155602  27.3757553  17.8930931  26.8922443
  17.4444771  27.6327  18.330822  27.1338711
  17.8782291  27.8813953  18.7731285  27.3670139
  18.3166618  28.1217461  19.2198505  27.5915794
  18.7596188  28.3536491  19.670826  27.8074741
  19.2069454  28.5770035  20.1258888  28.0146103
  19.6584873  28.7917118  20.584877  28.2129021
  20.1140804  28.9976845  21.0476246  28.4022617
  20.5735645  29.1948261  21.5139542  28.5826111
  21.0367737  29.3830509  21.9836979  28.7538776
  21.5035362  29.5622768  22.4566784  28.9159889
  21.9736843  29.73242  22.9327202  29.0688725
  22.4470444  29.8934135  23.4116459  29.212471
  22.9234428  30.045187  23.8932743  29.3467216
  23.4027004  30.1876717  24.3774242  29.4715652
  23.8846397  30.3208103  24.8639164  29.586956
  24.3690777  30.4445457  25.3525639  29.6928406
  24.855835  30.5588226  25.8431835  29.7891769
  25.3447227  30.663599  26.3355923  29.8759251
  25.8355598  30.7588215  26.8295975  29.9530449
  26.3281593  30.8444557  27.3250141  30.0205059
  26.8223381  30.9204617  27.8216534  30.0782738
  27.3179073  30.9868088  28.3193302  30.1263294
  27.8146782  31.0434647  28.8178482  30.1646481
  28.3124599  31.0904045  29.3170223  30.1932106
  28.8110638  31.1276093  29.8166561  30.2120075
  29.310297  31.1550598  30.3165646  30.2210236
  29.8099766  31.1727409  30.8165512  30.2202549
  30.3099041  31.1806431  31.316431  30.2096958
  30.8098888  31.1787605  31.8160057  30.1893501
  31.309742  31.1670914  32.3150864  30.1592236
  31.8092709  31.1456337  32.8134804  30.1193218
  32.3082809  31.1143932  33.310997  30.0696564
  32.8065834  31.0733795  33.8074455  30.0102444
  33.3039894  31.0226059  34.3026276  29.9411068
  33.8003082  30.9620876  34.79636  29.8622684
  34.2953415  30.8918438  35.2884521  29.773756
  34.7888947  30.8119011  35.7787132  29.6756058
  35.2807884  30.72229  36.2669525  29.5678501
  35.7708321  30.6230373  36.7529793  29.4505272
  36.2588272  30.514185  37.2366142  29.3236809
  36.7445908  30.3957672  37.717659  29.1873569
  37.2279358  30.2678318  38.1959381  29.0416107
  37.7086716  30.1304226  38.6712608  28.8864956
  38.186615  29.9835949  39.1434402  28.7220688
  38.6615791  29.827404  39.6123009  28.5483952
  39.1333847  29.6619091  40.077652  28.3655396
  39.6018448  29.4871693  40.5393143  28.1735687
  40.0667763  29.3032551  40.9971199  27.9725552
  40.5280075  29.1102333  41.450882  27.7625771
  40.9853516  28.9081821  41.9004211  27.5437145
  41.4386368  28.697176  42.3455696  27.3160477
  41.8876801  28.4772968  42.7861519  27.0796642
  42.3323174  28.2486267  43.2219925  26.83465
  42.7723656  28.0112534  43.6529274  26.5811005
  43.2076569  27.7652683  44.0787773  26.3191109
  43.6380196  27.510767  44.499382  26.0487843
  44.0632973  27.2478409  44.9145813  25.7702217
  44.4833107  26.976593  45.3242188  25.4835358
  44.8979034  26.6971207  45.7281265  25.1888332
  45.3069038  26.4095345  46.1261406  24.8862286
  45.7101631  26.113945  46.5181198  24.57584
  46.1075172  25.8104649  46.9039116  24.2577915
  46.4988098  25.4992123  47.2833595  23.9322052
  46.8838959  25.1803074  47.6563187  23.5992069
  47.2626228  24.853878  48.0226555  23.2589302
  47.6348419  24.5200481  48.3822212  22.9115086
  48.000412  24.1789513  48.7348785  22.5570774
  48.3591881  23.8307152  49.0804939  22.195776
  48.7110329  23.4754791  49.4189339  21.8277416
  49.0558205  23.1133842  49.7500648  21.4531231
  49.3934097  22.7445717  50.0737686  21.0720634
  49.7236748  22.3691845  50.3899117  20.6847115
  50.0464897  21.9873695  50.6983795  20.2912159
  50.3617287  21.5992756  50.9990463  19.8917332
  50.6692657  21.2050591  51.2918015  19.486414
  50.9689903  20.8048668  51.5765343  19.0754166
  51.260788  20.3988571  51.8531342  18.6589031
  51.5445404  19.9871864  52.1214981  18.2370377
  51.8201447  19.570015  52.3815193  17.8099804
  52.0874939  19.1475048  52.6330948  17.3778954
  52.3464851  18.7198181  52.8761253  16.9409447
  52.5970154  18.2871246  53.1105118  16.4992962
  52.8389969  17.8495922  53.3361588  16.0531216
  53.0723228  17.4073849  53.5529861  15.6025906
  53.2969093  16.9606724  53.7609024  15.1478796
  53.5126648  16.5096264  53.9598236  14.6891632
  53.7194977  16.0544243  54.1496696  14.2266207
  53.9173279  15.5952377  54.3303795  13.7604303
  54.1060829  15.132246  54.5018845  13.2907763
  54.2856827  14.6656275  54.6641426  12.8178482
  54.4560623  14.1955624  54.8172417  12.3418751
  54.6171532  13.7222347  54.9614372  11.8631287
  54.7689018  13.2458315  55.097435  11.3819866
  54.9112892  12.7665453  55.226696  10.8989887
  55.044426  12.2846069  55.3506622  10.4146032
  55.1685982  11.8002796  55.4705544  9.92919254
  55.2846489  11.31394  55.5873985  9.44303799
  55.3941116  10.8260736  55.7017822  8.95629787
  55.4984322  10.33708  55.8141708  8.46909332
  55.5988274  9.84726524  55.9248848  7.98150492
  55.6962624  9.35685158  56.0341721  7.49359465
  55.7913132  8.86596966  56.1422157  7.00540781
  55.8844261  8.37471676  56.2491837  6.51698303
  55.9758987  7.88315582  56.3551903  6.02834988
  56.0659752  7.39133692  56.46035  5.53953362
  56.1548347  6.89929676  56.5647545  5.05055523
  56.2426376  6.40706587  56.6684837  4.56143332
  56.3295021  5.91466856  56.7716026  4.07218266
  56.4155312  5.42212582  56.874176  3.58281779
  56.5008202  4.92945337  56.9762573  3.09334993
  56.5854454  4.43666697  57.0778999  2.60379004
  56.6694832  3.94377947  57.179142  2.11414766
  56.7529793  3.4508009  57.2800217  1.62443042
  56.8359947  2.95774078  57.3805809  1.1346463
  56.9185753  2.46460819  59.6616325 -10.
    57.001     1.971   *    *  
    57.083     1.478   *    *  
    58.977   -10.000   *    *  
   *     *     *     * 
  3.24719095  1.42478848  3.24719095  1.42478848
  3.34267354  1.91558695  3.35974407  1.9119556
  3.43832707  2.40635204  3.47246718  2.39908338
  3.5341773  2.89707875  3.58538604  2.88616586
  3.63025284  3.38776135  3.69852901  3.37319636
  3.72658706  3.87839341  3.81192946  3.86016703
  3.8232162  4.36896753  3.92562389  4.34706879
  3.92018366  4.85947466  4.03965569  4.83389187
  4.01753807  5.34990501  4.15407276  5.32062435
  4.11533689  5.84024715  4.2689333  5.80725241
  4.2136445  6.33048773  4.38430023  6.29376078
  4.31254148  6.82060909  4.50025415  6.78012943
  4.41211891  7.31059361  4.61688614  7.26633644
  4.51249266  7.80041456  4.73431063  7.75235224
  4.61380291  8.29004383  4.85266685  8.23814106
  4.71623659  8.77943897  4.9721384  8.72365761
  4.82002974  9.2685461  5.09295988  9.20883942
  4.92553091  9.75728989  5.21546078  9.69360065
  5.03320456  10.2455568  5.34008455  10.1778183
  5.14380217  10.7331705  5.4675107  10.6613064
  5.25834846  11.2198706  5.59873343  11.1437769
  5.37801075  11.7053375  5.734869  11.6248827
  5.50408459  12.1891766  5.87718534  12.1041956
  5.63744068  12.6710577  6.02665281  12.5813255
  5.77838087  13.1507759  6.18360186  13.0560465
  5.92706823  13.628149  6.3482089  13.5281668
  6.08351612  14.103035  6.52049446  13.9975395
  6.24771452  14.5752974  6.70044374  14.4640274
  6.41963625  15.0448036  6.88802576  14.9274979
  6.59924936  15.5114202  7.0832057  15.3878202
  6.7865181  15.9750185  7.28594351  15.8448658
  6.9814043  16.4354649  7.49619436  16.2985039
  7.18386507  16.8926334  7.71391153  16.7486038
  7.39385462  17.3463917  7.939044  17.1950436
  7.61132383  17.7966156  8.1715374  17.6376934
  7.83621931  18.2431736  8.41133404  18.0764313
  8.0684824  18.6859436  8.65837097  18.5111313
  8.30805397  19.1248035  8.9125843  18.9416733
  8.5548687  19.5596294  9.17390633  19.3679428
  8.80885887  19.9903049  9.4422636  19.789814
  9.06995487  20.4167099  9.71758366  20.2071781
  9.33808136  20.838728  9.99978828  20.6199169
  9.61316204  21.2562504  10.2888002  21.0279217
  9.89511681  21.6691589  10.5845337  21.431076
  10.1838636  22.0773487  10.8869038  21.8292789
  10.4793129  22.4807129  11.1958237  22.2224197
  10.7813797  22.8791428  11.5112019  22.6104012
  11.0899696  23.2725468  11.8329458  22.9931202
  11.4049883  23.66082  12.1609602  23.3704796
  11.7263393  24.0438671  12.4951477  23.742382
  12.0539265  24.4215927  12.8354101  24.1087341
  12.3876514  24.793911  13.1816463  24.4694443
  12.7274103  25.1607304  13.5337572  24.8244247
  13.0731039  25.5219612  13.8916397  25.173584
  13.4246302  25.8775177  14.2551908  25.5168381
  13.7818871  26.2273197  14.6243076  25.8540993
  14.1447725  26.5712757  14.9988861  26.1852856
  14.5131836  26.9093094  15.3788223  26.5103111
  14.8870192  27.2413349  15.7640123  26.8290939
  15.2661762  27.5672665  16.1543503  27.1415501
  15.6505547  27.8870277  16.5497322  27.4475994
  16.0400505  28.2005348  16.9500542  27.7471561
  16.4345646  28.5077019  17.3552113  28.0401421
  16.8339958  28.8084469  17.7650986  28.3264732
  17.2382431  29.1026897  18.1796112  28.6060658
  17.6472054  29.3903427  18.5986443  28.8788338
  18.0607834  29.67132  19.0220947  29.1446972
  18.4788761  29.9455318  19.4498539  29.4035664
  18.9013844  30.2128925  19.8818169  29.6553631
  19.3282051  30.4733143  20.317873  29.9000053
  19.7592354  30.7267036  20.7579098  30.1374073
  20.1943703  30.9729786  21.2018127  30.3674984
  20.6335011  31.2120533  21.6494713  30.5901985
  21.076519  31.4438457  22.1007633  30.8054409
  21.5233116  31.668272  22.5555668  31.013155
  21.9737644  31.8852654  23.0137653  31.213274
  22.4277573  32.0947495  23.4752312  31.4057388
  22.88517  32.2966576  23.9398384  31.5904865
  23.3458786  32.4909248  24.4074612  31.7674618
  23.8097572  32.6774902  24.8779736  31.9366112
  24.2766838  32.8562965  25.3512421  32.0978775
  24.7465286  33.0272865  25.827137  32.2512207
  25.219162  33.1904144  26.3055305  32.3965912
  25.6944561  33.345623  26.7862873  32.5339394
  26.1722775  33.4928627  27.2692757  32.6632309
  26.6524925  33.6320915  27.7543564  32.78442
  27.1349716  33.7632713  28.2413998  32.8974724
  27.6195774  33.8863525  28.7302685  33.0023499
  28.1061745  34.0013046  29.2208252  33.0990219
  28.5946312  34.1080894  29.7129364  33.1874542
  29.0848064  34.2066765  30.206459  33.2676239
  29.5765667  34.2970314  30.7012558  33.3395081
  30.0697746  34.3791275  31.1971893  33.4030762
  30.5642891  34.4529419  31.6941223  33.4583092
  31.0599728  34.5184441  32.1919136  33.5051918
  31.5566864  34.5756111  32.6904144  33.543705
  32.0542908  34.6244316  33.1894989  33.5738411
  32.5526428  34.6648827  33.6890221  33.5955772
  33.0516052  34.6969528  34.1888351  33.6089058
  33.5510406  34.7206268  34.6888046  33.6138229
  34.0508003  34.7359009  35.1887856  33.610321
  34.5507469  34.7427635  35.6886368  33.5984039
  35.0507355  34.7412071  36.1882172  33.578064
  35.5506287  34.7312317  36.6873817  33.5493088
  36.0502815  34.7128334  37.1859894  33.5121422
  36.5495529  34.6860199  37.6838989  33.4665756
  37.0483017  34.6507912  38.1809769  33.4126167
  37.5463829  34.607151  38.6770706  33.3502808
  38.043663  34.5551186  39.1720352  33.279583
  38.5399895  34.4946976  39.6657448  33.2005424
  39.0352287  34.4259071  40.1580429  33.1131859
  39.5292358  34.3487701  40.6487999  33.0175323
  40.0218658  34.263298  41.1378708  32.9136047
  40.5129852  34.1695137  41.6251183  32.8014374
  41.002449  34.0674515  42.1104012  32.6810646
  41.4901237  33.9571381  42.593586  32.5525093
  41.9758606  33.8385963  43.0745316  32.4158134
  42.4595299  33.7118721  43.5531006  32.271019
  42.9409828  33.576992  44.0291557  32.1181679
  43.4200897  33.4339981  44.5025635  31.957304
  43.8967133  33.2829323  44.9731903  31.7884693
  44.3707199  33.1238403  45.4408989  31.6117134
  44.8419724  32.9567604  45.9055595  31.4270897
  45.3103333  32.7817421  46.3670349  31.2346516
  45.7756729  32.5988426  46.8251953  31.0344505
  46.2378578  32.4081078  47.2799149  30.8265495
  46.6967545  32.2095947  47.7310562  30.611002
  47.1522331  32.0033607  48.1785049  30.3878727
  47.6041679  31.7894688  48.6221161  30.1572247
  48.0524254  31.5679798  49.0617752  29.9191227
  48.4968796  31.338953  49.4973488  29.6736336
  48.9374008  31.1024551  49.9287262  29.4208279
  49.3738747  30.8585587  50.3557701  29.1607761
  49.8061638  30.6073265  50.7783585  28.8935528
  50.2341499  30.3488312  51.1963806  28.6192322
  50.6577148  30.0831509  51.6097107  28.3378944
  51.0767326  29.810358  52.0182266  28.049614
  51.4910889  29.5305309  52.4218178  27.7544746
  51.9006615  29.2437458  52.8203659  27.4525585
  52.3053284  28.9500866  53.2137527  27.1439476
  52.7049828  28.6496372  53.60186  26.8287296
  53.0995064  28.3424797  53.9845848  26.5069904
  53.4887848  28.0287037  54.3618126  26.1788235
  53.8727074  27.708395  54.733429  25.8443184
  54.2511597  27.3816433  55.0993309  25.5035725
  54.6240273  27.0485363  55.4594116  25.1566849
  54.9912071  26.7091713  55.8135757  24.8037548
  55.3525963  26.3636436  56.1617165  24.4448833
  55.7080841  26.0120468  56.5037384  24.0801754
  56.0575714  25.6544838  56.8395424  23.709734
  56.400959  25.2910595  57.1690331  23.3336658
  56.7381477  24.921875  57.4921227  22.9520817
  57.0690384  24.547039  57.8087158  22.5650921
  57.3935432  24.1666584  58.118721  22.1728058
  57.7115669  23.7808418  58.4220543  21.7753391
  58.0230217  23.3897057  58.7186241  21.3728027
  58.3278122  22.9933586  59.0083504  20.965313
  58.6258659  22.5919151  59.291153  20.5529842
  58.9170914  22.1854897  59.5669518  20.1359386
  59.2014008  21.7742004  59.8356705  19.7142925
  59.4787254  21.3581676  60.0972214  19.288168
  59.7489815  20.9375095  60.3515396  18.8576851
  60.0120926  20.5123444  60.5985489  18.4229679
  60.2679825  20.0827961  60.8381805  17.9841385
  60.5165825  19.648983  61.0703621  17.5413265
  60.7578163  19.2110329  61.2950249  17.0946522
  60.9916153  18.7690716  61.5121002  16.6442451
  61.2179146  18.3232231  61.7215309  16.1902275
  61.4366455  17.8736153  61.9232521  15.7327356
  61.647747  17.4203739  62.1172066  15.2718964
  61.851162  16.9636288  62.3033409  14.8078423
  62.0468216  16.5035076  62.4816017  14.3407059
  62.2346725  16.040144  62.6519356  13.8706226
  62.4146614  15.5736704  62.8143005  13.397727
  62.586731  15.1042194  62.9686623  12.9221601
  62.7508354  14.6319265  63.1150627  12.4440823
  62.9069252  14.1569233  63.2537155  11.9636984
  63.0549622  13.6793489  63.3850861  11.4812717
  63.1949043  13.1993427  63.5103798  10.9972286
  63.3267479  12.7170477  63.6309052  10.5119743
  63.4506226  12.2326422  63.7477379  10.0258169
  63.5667953  11.7463322  63.8618202  9.53900623
  63.6761017  11.2584305  63.9737167  9.05168819
  63.7798958  10.7693262  64.0838394  8.56396675
  63.8794098  10.2793331  64.1924896  8.07591343
  63.9756889  9.78869247  64.299881  7.58758259
  64.0695114  9.29757404  64.4061813  7.09901428
  64.1613464  8.80608177  64.5115356  6.61024046
  64.2515717  8.31428909  64.6160583  6.12128735
  64.3404236  7.82224751  64.719841  5.63217688
  64.4281006  7.32999563  64.8229675  5.14292765
  64.5147705  6.83756304  64.9255066  4.65355492
  64.6005402  6.34497452  65.0275116  4.16407204
  64.6855316  5.85224962  65.1290436  3.67449021
  64.7698212  5.35940456  65.2301559  3.18482065
  64.8534775  4.86645365  65.3308792  2.6950717
  64.9365845  4.37340832  65.4312592  2.20525193
  65.0191956  3.8802793  65.5313263  1.71536827
  65.1013565  3.3870759  65.6311111  1.22542727
  65.1831055  2.89380527  67.9119797 -10.
    65.264     2.400   *    *  
    65.346     1.907   *    *  
    65.426     1.414   *    *  
    67.287   -10.000   *    *  
   *     *     *     * 
  3.24719095  1.42478848  3.24719095  1.42478848
  3.342664  1.91558886  3.3597343  1.91195786
  3.43828654  2.40636015  3.47242618  2.39909291
  3.53408122  2.89709783  3.58528972  2.88618803
  3.63007307  3.38779664  3.69834948  3.37323761
  3.7262907  3.87845135  3.81163406  3.86023521
  3.82276702  4.36905527  3.92517591  4.34717321
  3.91953945  4.85960102  4.03901339  4.83404207
  4.0166502  5.35008049  4.15318871  5.32083178
  4.11414957  5.84048223  4.26775074  5.80752993
  4.21209478  6.33079481  4.38275719  6.29412413
  4.31055546  6.82100439  4.49827623  6.78059626
  4.40961123  7.31109428  4.61438894  7.26692677
  4.50936508  7.80104256  4.73119545  7.75309134
  4.60993719  8.29082298  4.84881783  8.23905945
  4.71149302  8.78040028  4.96741724  8.72479057
  4.81423903  9.26972961  5.08719778  9.21023083
  4.91847992  9.75874233  5.20844889  9.69530582
  5.02462387  10.2473459  5.33156013  10.1799116
  5.13332987  10.735384  5.45712805  10.663887
  5.2454977  11.2226381  5.58602571  11.1469841
  5.36215305  11.7088356  5.71923447  11.6289091
  5.48443508  12.1936474  5.8578701  12.1093006
  5.61310673  12.6768026  6.00278234  12.5878353
  5.74843597  13.1581345  6.15426493  13.0643311
  5.89056921  13.6375008  6.31247759  13.5386333
  6.03952456  14.1147919  6.47744322  14.0106297
  6.19529772  14.589901  6.64915419  14.4802141
  6.35787249  15.062727  6.82759237  14.9472837
  6.52722788  15.5331659  7.01273346  15.4117374
  6.70334005  16.0011177  7.20455027  15.8734741
  6.88618183  16.4664803  7.40301228  16.3323956
  7.07572603  16.9291553  7.60808706  16.7883987
  7.27194166  17.38904  7.81973934  17.2413864
  7.47479391  17.846035  8.03793144  17.6912613
  7.68424606  18.300045  8.26262283  18.1379242
  7.90025663  18.7509689  8.49376869  18.5812817
  8.12278461  19.1987133  8.73132515  19.0212383
  8.3517828  19.6431828  8.97524071  19.4576988
  8.58720398  20.0842838  9.22546768  19.8905754
  8.82899761  20.5219269  9.48194981  20.3197727
  9.07710934  20.9560146  9.74463272  20.7452049
  9.33148479  21.3864632  10.0134573  21.1667824
  9.59206486  21.8131866  10.2883644  21.5844193
  9.85878754  22.2360973  10.5692911  21.9980316
  10.1315889  22.6551113  10.8561726  22.4075356
  10.4104042  23.0701485  11.1489429  22.812851
  10.6951647  23.4811306  11.4475307  23.2138977
  10.9857988  23.8879814  11.7518654  23.6106033
  11.2822351  24.2906227  12.0618753  24.0028896
  11.5843983  24.6889839  12.3774853  24.3906822
  11.8922157  25.0829945  12.6986217  24.7739124
  12.2056103  25.4725819  13.0252066  25.1525097
  12.5245075  25.8576775  13.3571653  25.5264053
  12.8488312  26.2382145  13.6944199  25.8955307
  13.1785069  26.6141224  14.0368938  26.259819
  13.5134583  26.9853382  14.3845091  26.6192055
  13.8536119  27.3517933  14.7371883  26.9736233
  14.1988935  27.7134228  15.0948563  27.3230076
  14.5492296  28.070158  15.4574356  27.6672897
  14.9045467  28.4219284  15.8248501  28.0064068
  15.2647743  28.7686729  16.1970253  28.340292
  15.6298389  29.1103191  16.5738831  28.6688786
  15.99967  29.4468002  16.9553585  28.9920998
  16.3741951  29.7780437  17.3413715  29.3098888
  16.7533455  30.1039867  17.7318516  29.6221733
  17.1370487  30.4245586  18.1267242  29.9288807
  17.5252361  30.739687  18.5259209  30.2299423
  17.9178333  31.0492992  18.9293671  30.5252819
  18.3147774  31.3533211  19.3369942  30.8148251
  18.7159958  31.6516819  19.7487278  31.0984993
  19.1214237  31.9442978  20.1644897  31.3762302
  19.5309849  32.2310982  20.5842094  31.6479416
  19.9446144  32.5120049  21.0078068  31.9135666
  20.3622341  32.7869301  21.4352036  32.1730385
  20.7837734  33.0558167  21.8663197  32.426281
  21.2091541  33.3185806  22.3010693  32.6732407
  21.6382942  33.5751534  22.7393627  32.9138527
  22.0711117  33.8254738  23.1811123  33.1480598
  22.5075245  34.0694809  23.6262283  33.3757973
  22.9474392  34.3071098  24.0746193  33.597023
  23.3907719  34.5382996  24.5261917  33.811676
  23.8374329  34.7629967  24.980854  34.0197105
  24.2873268  34.9811401  25.4385052  34.221077
  24.7403603  35.192688  25.8990536  34.4157257
  25.1964417  35.3975945  26.3624039  34.6036148
  25.6554718  35.5957947  26.828455  34.7846985
  26.1173592  35.7872543  27.2971096  34.9589348
  26.5820026  35.9719162  27.7682667  35.1262817
  27.049305  36.1497383  28.241827  35.2867012
  27.5191689  36.3206863  28.7176895  35.440155
  27.9914894  36.4847145  29.1957531  35.5866051
  28.4661732  36.6417847  29.6759167  35.7260132
  28.9431133  36.7918587  30.1580772  35.8583603
  29.4222088  36.9349022  30.642128  35.9836082
  29.9033585  37.0708809  31.1279716  36.1017303
  30.3864555  37.1997643  31.6154976  36.2126923
  30.871397  37.3215256  32.1046028  36.3164673
  31.3580799  37.4361343  32.5951843  36.4130363
  31.8463974  37.5435638  33.0871315  36.5023766
  32.3362465  37.6437874  33.5803452  36.584465
  32.8275146  37.7367897  34.0747147  36.6592789
  33.3200989  37.8225441  34.5701294  36.7268028
  33.8138924  37.9010391  35.0664864  36.787014
  34.3087921  37.9722519  35.5636711  36.8399048
  34.8046837  38.0361633  36.0615845  36.8854523
  35.3014641  38.092762  36.5601158  36.9236526
  35.7990227  38.1420288  37.0591583  36.9544868
  36.2972527  38.1839523  37.5586014  36.977951
  36.796051  38.2185326  38.0583344  36.9940338
  37.2953033  38.2457542  38.5582542  37.0027275
  37.7949028  38.2656021  39.0582428  37.0040283
  38.2947426  38.2780724  39.558197  36.9979286
  38.7947121  38.2831612  40.0580101  36.9844284
  39.2947006  38.2808571  40.5575638  36.9635315
  39.7946014  38.2711563  41.0567589  36.9352417
  40.2943039  38.2540627  41.5554771  36.899559
  40.7937012  38.2295685  42.0536118  36.8564873
  41.2926788  38.1976814  42.5510559  36.8060379
  41.7911263  38.1584053  43.0476913  36.7482185
  42.2889404  38.1117439  43.5434189  36.6830444
  42.7860069  38.0577087  44.0381241  36.610527
  43.2822151  37.9963074  44.5317001  36.5306892
  43.7774544  37.9275475  45.0240364  36.4435387
  44.2716255  37.8514481  45.5150299  36.3490982
  44.7646103  37.7680283  46.0045662  36.2473907
  45.2563019  37.6772995  46.4925423  36.1384392
  45.7465973  37.5792885  46.9788551  36.0222664
  46.2353821  37.4740067  47.4633942  35.8988991
  46.7225456  37.3614845  47.9460449  35.7683601
  47.2079926  37.241745  48.426712  35.6306915
  47.6916122  37.1148148  48.9052887  35.4859161
  48.1732903  36.9807281  49.3816681  35.3340721
  48.6529274  36.8395042  49.8557472  35.17519
  49.1304131  36.6911812  50.3274269  35.0093079
  49.6056442  36.5357895  50.7965927  34.8364639
  50.0785255  36.3733749  51.2631493  34.6566925
  50.5489464  36.2039642  51.7269974  34.4700394
  51.0168037  36.0275993  52.1880341  34.2765388
  51.4819946  35.8443222  52.6461563  34.0762405
  51.9444199  35.654171  53.101265  33.8691864
  52.4039803  35.4571953  53.5532608  33.655426
  52.8605728  35.2534332  54.0020409  33.4350014
  53.3140945  35.0429344  54.4475174  33.2079697
  53.7644539  34.8257446  54.8895798  32.974369
  54.2115479  34.6019135  55.3281479  32.7342529
  54.6552849  34.3714905  55.7631149  32.4876823
  55.0955544  34.1345291  56.1943855  32.2347107
  55.5322762  33.8910789  56.6218719  31.9753895
  55.9653511  33.6411972  57.045475  31.709774
  56.3946724  33.3849335  57.465107  31.4379215
  56.8201599  33.1223488  57.8806763  31.1598988
  57.2417183  32.8534966  58.2920914  30.8757591
  57.6592522  32.5784416  58.6992531  30.5855694
  58.0726738  32.2972412  59.1020851  30.2893906
  58.4818954  32.0099525  59.5004921  29.9872913
  58.8868217  31.7166462  59.8943901  29.6793327
  59.2873688  31.4173851  60.2836914  29.3655853
  59.683445  31.1122341  60.6683121  29.0461159
  60.0749626  30.8012581  61.0481644  28.7209911
  60.4618454  30.4845276  61.4231644  28.3902874
  60.8440018  30.1621151  61.7932396  28.0540714
  61.2213478  29.8340836  62.1582985  27.7124195
  61.5938072  29.5005131  62.5182648  27.3654022
  61.9612885  29.1614685  62.8730507  27.0130978
  62.3237152  28.8170261  63.22258  26.6555786
  62.6810112  28.4672642  63.5667763  26.2929211
  63.0330963  28.112257  63.9055672  25.9252052
  63.3798904  27.7520809  64.238884  25.552515
  63.7213211  27.3868141  64.5666351  25.1749287
  64.057312  27.0165348  64.8887711  24.7925339
  64.3877792  26.6413231  65.2052002  24.4054146
  64.7126541  26.2612572  65.5158768  24.0136566
  65.031868  25.8764248  65.8207321  23.6173458
  65.3453522  25.486908  66.1196899  23.2165737
  65.6530304  25.0927982  66.4126968  22.8114262
  65.9548492  24.6941757  66.6996765  22.4019966
  66.2507401  24.291132  66.9805908  21.9883728
  66.5406418  23.8837566  67.2553482  21.5706425
  66.8244934  23.4721413  67.5239182  21.148901
  67.1022263  23.0563774  67.7862167  20.7232361
  67.3737869  22.6365547  68.0422058  20.2937412
  67.6391144  22.2127666  68.2918091  19.860508
  67.8981552  21.7851048  68.5349808  19.4236279
  68.1508484  21.3536644  68.7716599  18.9831982
  68.3971405  20.9185371  69.0017929  18.5393162
  68.6369705  20.4798183  69.2253265  18.0920715
  68.8702927  20.0376015  69.4421921  17.6415653
  69.0970459  19.5919838  69.6523743  17.1878948
  69.3171844  19.1430588  69.8558044  16.7311592
  69.5306549  18.6909237  70.0524445  16.2714558
  69.7373962  18.2356758  70.2422562  15.8088884
  69.9373703  17.7774181  70.4251785  15.3435574
  70.1305389  17.3162441  70.6011887  14.8755655
  70.3168488  16.8522568  70.7702408  14.4050159
  70.4962616  16.3855591  70.9322968  13.9320126
  70.6687317  15.9162521  71.087326  13.4566612
  70.8342285  15.4444408  71.2353287  12.9790707
  70.9927063  14.9702263  71.3763046  12.4993629
  71.1441498  14.4937153  71.510437  12.0176964
  71.2884979  14.0150118  71.6380844  11.5342703
  71.4257355  13.5342236  71.7602768  11.0494337
  71.5558548  13.0514584  71.8781891  10.5635376
  71.6788788  12.5668325  71.9927902  10.0768499
  71.7949448  12.0804968  72.1049423  9.58958912
  71.9043808  11.5926266  72.2151566  9.10188866
  72.0081635  11.1035194  72.3238144  8.6138382
  72.1074982  10.6134882  72.4311752  8.12550163
  72.2033997  10.1227751  72.5374374  7.6369257
  72.2967682  9.63157082  72.6427612  7.14814472
  72.3881531  9.13999367  72.747261  6.65918779
  72.4779434  8.64812279  72.8510513  6.1700778
  72.5664139  8.15601349  72.9542007  5.68083286
  72.6537704  7.66370392  73.0567856  5.19147015
  72.7401657  7.17122507  73.1588745  4.70200253
  72.8257294  6.67860079  73.2605133  4.21244192
  72.9105682  6.18585062  73.3617554  3.72279835
  72.9947662  5.69299078  73.4626312  3.23308086
  73.078392  5.20003366  73.5631866  2.74329734
  73.1615067  4.70699167  73.6634598  2.25345492
  73.2441788  4.21387291  73.7634659  1.76355946
  73.3264618  3.72068739  73.8632507  1.27361667
  73.408371  3.22744179  76.1546631 -10.
    73.490     2.734   *    *  
    73.571     2.241   *    *  
    73.652     1.747   *    *  
    73.733     1.254   *    *  
    75.571   -10.000   *    *  
   *     *     *     * 
  3.24719095  1.42478848  3.24719095  1.42478848
  3.34265614  1.91559029  3.35972667  1.91195953
  3.43825436  2.40636611  3.4723947  2.39910007
  3.53400564  2.89711213  3.58521533  2.88620543
  3.62993217  3.38782382  3.69821  3.37327051
  3.72605968  3.87849641  3.81140471  3.86028886
  3.82241678  4.36912394  3.92482829  4.3472538
  3.91903734  4.85969973  4.03851461  4.83415747
  4.01595879  5.35021639  4.15250063  5.32099104
  4.11322546  5.84066439  4.26683092  5.80774355
  4.21088886  6.33103371  4.38155556  6.29440403
  4.30901003  6.82131195  4.49673653  6.78095627
  4.40766048  7.31148338  4.61244488  7.26738358
  4.5069313  7.80152988  4.72877121  7.75366306
  4.60692978  8.29142761  4.84582186  8.23976994
  4.70780277  8.781147  4.9637413  8.72566605
  4.80973339  9.27064705  5.08271217  9.21130657
  4.91299486  9.75986862  5.20299101  9.69662285
  5.0179472  10.2487297  5.32492447  10.1815281
  5.12518024  10.7370949  5.44904518  10.6658773
  5.23549509  11.2247715  5.57613039  11.149456
  5.34980631  11.7115269  5.70705605  11.6320076
  5.46913004  12.1970758  5.84281826  12.1132202
  5.59414434  12.6811905  5.9841733  12.5928192
  5.7250905  13.1637344  6.13138485  13.070653
  5.86210251  13.6445923  6.28459787  13.5465946
  6.00519896  14.1236725  6.44383574  14.0205545
  6.15437984  14.600894  6.60909748  14.4924488
  6.30963564  15.0761747  6.78036928  14.9621954
  6.47095108  15.5494328  6.9576354  15.4297123
  6.63831043  16.020586  7.14087677  15.8949203
  6.8116951  16.4895554  7.3300724  16.3577385
  6.99108553  16.9562626  7.52519751  16.8180885
  7.17645979  17.4206257  7.72622871  17.2758884
  7.36779261  17.8825645  7.93313742  17.7310638
  7.56505823  18.342001  8.14589405  18.1835365
  7.76822615  18.7988567  8.36446571  18.6332264
  7.97726583  19.2530575  8.58882046  19.0800591
  8.19214249  19.704525  8.81892014  19.523962
  8.41282082  20.1531849  9.05472755  19.9648609
  8.63926411  20.5989647  9.29620171  20.4026814
  8.8714304  21.04179  9.54330158  20.8373508
  9.10927677  21.4815903  9.79598141  21.2688007
  9.35275936  21.9182949  10.0541973  21.6969604
  9.60183239  22.3518353  10.3178997  22.1217632
  9.85644341  22.7821465  10.587039  22.5431385
  10.1165428  23.2091618  10.8615627  22.9610271
  10.3820782  23.6328201  11.1414185  23.3753681
  10.6529913  24.0530605  11.4265499  23.7860928
  10.9292278  24.46982  11.7168999  24.1931458
  11.2107296  24.8830433  12.0124092  24.5964699
  11.4974365  25.2926712  12.3130198  24.996006
  11.7892914  25.6986485  12.6186714  25.3916988
  12.086235  26.1009159  12.9293041  25.783493
  12.3882074  26.4994221  13.2448587  26.1713352
  12.6951542  26.8941116  13.5652742  26.555172
  13.0070181  27.2849255  13.8904915  26.9349499
  13.3237419  27.6718121  14.2204504  27.3106098
  13.6452703  28.0547161  14.5550957  27.6821041
  13.97155  28.4335785  14.8943682  28.0493793
  14.3025274  28.8083458  15.2382078  28.4123821
  14.6381502  29.1789589  15.5865631  28.7710533
  14.9783659  29.5453587  15.9393778  29.1253376
  15.3231211  29.9074917  16.2965946  29.4751816
  15.6723642  30.2652969  16.6581631  29.8205261
  16.0260429  30.618721  17.0240269  30.1613159
  16.3841038  30.9677048  17.3941345  30.4974937
  16.7464962  31.3121891  17.7684345  30.8289986
  17.113163  31.6521149  18.1468754  31.1557693
  17.4840565  31.9874229  18.5294018  31.477747
  17.859127  32.3180542  18.9159679  31.7948647
  18.2383232  32.6439438  19.3065205  32.1070557
  18.6215954  32.9650345  19.7010078  32.4142609
  19.0088921  33.2812576  20.0993805  32.7164116
  19.4001656  33.5925369  20.5015812  33.013443
  19.7953682  33.898819  20.9075623  33.305294
  20.1944485  34.2000313  21.3172588  33.5919037
  20.5973511  34.496109  21.7306137  33.8732147
  21.0040207  34.7869949  22.1475658  34.1491661
  21.414402  35.0726242  22.5680466  34.4197044
  21.8284302  35.3529396  22.9919949  34.6847725
  22.2460461  35.6278801  23.419342  34.9443245
  22.6671867  35.8973923  23.8500195  35.1983109
  23.0917835  36.1614227  24.2839603  35.4466858
  23.5197716  36.4199219  24.7210941  35.6893997
  23.9510803  36.6728363  25.1613483  35.9264069
  24.3856449  36.9201202  25.6046524  36.1576576
  24.823391  37.1617241  26.0509319  36.3831062
  25.2642498  37.3976021  26.5001144  36.6027222
  25.708147  37.6277122  26.9521236  36.8164558
  26.1550121  37.852005  27.406889  37.0242691
  26.6047688  38.0704384  27.8643284  37.2261162
  27.0573425  38.2829742  28.3243694  37.4219627
  27.5126591  38.4895744  28.7869339  37.6117783
  27.9706402  38.690197  29.2519398  37.7955284
  28.4312096  38.8848038  29.7193146  37.973175
  28.8942871  39.0733643  30.1889744  38.1446877
  29.3597927  39.2558403  30.6608372  38.3100319
  29.8276501  39.4322014  31.1348267  38.4691811
  30.297781  39.602417  31.6108589  38.6221123
  30.7701015  39.7664566  32.0888519  38.7687988
  31.2445297  39.9242897  32.5687294  38.909214
  31.7209854  40.0758972  33.0503998  39.0433311
  32.1993866  40.2212486  33.5337868  39.1711273
  32.6796532  40.3603134  34.0188026  39.2925835
  33.1616936  40.4930763  34.5053673  39.4076805
  33.6454391  40.6195107  34.9934006  39.5163994
  34.1307983  40.7395973  35.4828148  39.6187172
  34.617691  40.8533134  35.9735298  39.7146187
  35.1060257  40.96064  36.4654503  39.8040886
  35.5957336  41.0615654  36.9585037  39.8871078
  36.0867195  41.1560669  37.4526062  39.9636688
  36.5788994  41.2441254  37.9476662  40.0337448
  37.0721931  41.3257294  38.4436035  40.097332
  37.5665131  41.4008598  38.9403305  40.1544113
  38.0617752  41.4695053  39.437767  40.2049713
  38.5578918  41.5316582  39.9358139  40.2490005
  39.0547791  41.587307  40.4344063  40.2864876
  39.5523567  41.6364365  40.9334412  40.317421
  40.0505333  41.6790314  41.4328423  40.3417931
  40.5492287  41.7150917  41.932518  40.3595886
  41.0483513  41.744606  42.4323845  40.3708076
  41.547821  41.7675667  42.9323578  40.3754425
  42.0475426  41.7839661  43.4323463  40.373497
  42.5474434  41.7937927  43.9322739  40.3649673
  43.0474281  41.7970543  44.4320374  40.3498421
  43.5474091  41.7937355  44.9315643  40.3281326
  44.0473061  41.7838364  45.4307556  40.2998276
  44.5470276  41.7673569  45.9295311  40.2649422
  45.0464897  41.744297  46.427803  40.2234764
  45.5456047  41.7146568  46.9254837  40.1754341
  46.044281  41.6784363  47.4224892  40.1208267
  46.5424423  41.6356468  47.9187279  40.0596619
  47.0399933  41.5862885  48.4141159  39.9919472
  47.5368538  41.5303726  48.9085693  39.9176903
  48.0329285  41.4679031  49.4019966  39.8369102
  48.5281372  41.3988914  49.8943176  39.7496185
  49.0223923  41.323349  50.3854408  39.6558342
  49.5156059  41.2412834  50.8752823  39.5555649
  50.0076942  41.1527138  51.3637505  39.4488373
  50.4985657  41.0576515  51.850769  39.335659
  50.9881439  40.9561119  52.3362503  39.2160606
  51.4763336  40.848114  52.8201103  39.0900612
  51.9630547  40.7336769  53.3022614  38.9576797
  52.4482231  40.6128159  53.7826233  38.8189392
  52.9317513  40.4855576  54.2611084  38.6738701
  53.4135551  40.3519211  54.7376404  38.5224876
  53.8935509  40.2119255  55.2121277  38.3648338
  54.3716583  40.0656013  55.684494  38.2009239
  54.8477859  39.9129753  56.1546593  38.0307922
  55.3218575  39.7540703  56.6225357  37.8544731
  55.7937889  39.5889168  57.0880394  37.6719933
  56.2635002  39.4175415  57.5511017  37.4833946
  56.7309036  39.239975  58.011631  37.2887001
  57.1959229  39.0562553  58.4695549  37.087944
  57.6584702  38.8664169  58.9247894  36.8811684
  58.1184769  38.6704826  59.3772583  36.6684074
  58.5758591  38.4684868  59.8268852  36.4496994
  59.030529  38.2604713  60.2735863  36.22509
  59.4824142  38.0464783  60.7172928  35.9946136
  59.9314346  37.8265419  61.1579247  35.758316
  60.3775177  37.6007004  61.5954056  35.5162354
  60.8205795  37.3689919  62.0296669  35.2684174
  61.2605476  37.1314583  62.4606323  35.0149078
  61.6973495  36.8881454  62.8882179  34.7557564
  62.1309013  36.6391029  63.3123627  34.4910011
  62.5611382  36.3843651  63.7329865  34.2206917
  62.9879837  36.1239815  64.1500244  33.9448738
  63.4113655  35.8580017  64.5634003  33.6635971
  63.8312111  35.5864754  64.9730453  33.3769112
  64.2474442  35.3094482  65.378891  33.0848656
  64.6600037  35.0269737  65.7808533  32.7875175
  65.0688171  34.7391014  66.1788788  32.4849167
  65.4738083  34.4458847  66.5728989  32.1771126
  65.8749084  34.1473694  66.9628448  31.8641605
  66.2720566  33.8436127  67.3486481  31.546114
  66.665184  33.5346642  67.7302475  31.223032
  67.0542145  33.2205811  68.1075668  30.8949718
  67.4390793  32.9014244  68.4805603  30.5619926
  67.8197327  32.57724  68.8491516  30.2241497
  68.196106  32.2480927  69.2132721  29.881506
  68.5681152  31.9140377  69.5728836  29.5341225
  68.93573  31.5751362  69.9279099  29.1820526
  69.2988739  31.2314453  70.2782974  28.8253651
  69.6574936  30.8830338  70.6239777  28.4641228
  70.0115204  30.5299568  70.9648972  28.0983868
  70.3609009  30.1722813  71.3010101  27.72822
  70.705574  29.81007  71.6322556  27.3536892
  71.0454865  29.4433842  71.9585648  26.9748573
  71.3805771  29.0722923  72.2798996  26.5917873
  71.7108002  28.6968613  72.5961838  26.2045479
  72.0361023  28.3171558  72.9073868  25.8132038
  72.3564224  27.9332428  73.2134399  25.4178219
  72.6717148  27.5451927  73.5143051  25.0184765
  72.9819336  27.1530704  73.8099213  24.6152325
  73.2870255  26.756937  74.1002502  24.2081623
  73.5869217  26.3568707  74.3852386  23.7973328
  73.8815994  25.9529381  74.6648331  23.3828163
  74.17099  25.5452023  74.9389954  22.9646873
  74.4550705  25.1337414  75.2076645  22.5430126
  74.7337646  24.7186241  75.4708023  22.1178665
  75.0070419  24.2999191  75.7283707  21.6893196
  75.2748566  23.8776932  75.9803162  21.2574425
  75.5371552  23.4520264  76.226593  20.8223076
  75.7939072  23.0229874  76.4671478  20.3839893
  76.0450592  22.5906448  76.7019653  19.9425602
  76.2905579  22.1550674  76.9309692  19.4980946
  76.5303726  21.7163353  77.1541367  19.0506649
  76.7644424  21.2745171  77.3714218  18.6003475
  76.9927368  20.8296833  77.5827713  18.1472187
  77.21521  20.3819084  77.7881546  17.6913509
  77.4318085  19.9312687  77.9875336  17.2328262
  77.6424942  19.4778366  78.1808777  16.7717266
  77.8472443  19.0216866  78.3681488  16.3081322
  78.0459976  18.5628929  78.5493469  15.8421211
  78.2387238  18.1015339  78.724411  15.3737774
  78.4253845  17.6376877  78.8933411  14.9031839
  78.6059723  17.1714382  79.0561142  14.4304256
  78.7804184  16.7028637  79.2127151  13.9555864
  78.9487228  16.2320461  79.3631363  13.4787531
  79.1108551  15.7590685  79.5073776  13.0000153
  79.2668076  15.2840137  79.6454773  12.5194702
  79.4165573  14.8069696  79.777626  12.0372505
  79.5600891  14.3280191  79.904129  11.5535231
  79.6973953  13.8472471  80.0259399  11.0685883
  79.828476  13.3647394  80.1441193  10.582757
  79.9533386  12.8805857  80.2595444  10.0962648
  80.0720596  12.3948879  80.3729706  9.60930157
  80.184845  11.9077778  80.4848633  9.12198257
  80.29216  11.4194317  80.5955429  8.63438702
  80.39505  10.9301329  80.7052231  8.14656639
  80.4945526  10.440134  80.8140793  7.6585598
  80.5915146  9.94962692  80.922226  7.17039585
  80.6866379  9.45875835  81.0297623  6.68209743
  80.7803192  8.96761322  81.1367722  6.19368315
  80.8728561  8.47625256  81.2433243  5.70516729
  80.9644394  7.98471403  81.3494492  5.21656227
  81.0552444  7.49302864  81.4552231  4.72787905
  81.1453705  7.0012188  81.5606766  4.23912621
  81.2349091  6.50930262  81.6658401  3.75031137
  81.3239365  6.01729345  81.770752  3.26144171
  81.412529  5.52520418  81.8754349  2.77252316
  81.5007248  5.03304434  81.9799194  2.28356099
  81.5885696  4.54082203  82.0842133  1.79455936
  81.6761093  4.04854441  82.1883469  1.30552292
  81.7633667  3.55621767  84.5918427 -10.
    81.850     3.064   *    *  
    81.937     2.571   *    *  
    82.024     2.079   *    *  
    82.110     1.587   *    *  
    82.196     1.094   *    *  
    84.138   -10.000   *    *  
   *     *     *     * 
