  24.4068623  0.00675816555
  24.4707832  0.00188452692
  24.5347061  0.00242813537
  24.5986271  0.00316717871
  24.6625481  0.00396069558
  24.7264709  0.00416638004
  24.7903919  0.00543354172
  24.8543129  0.00612346688
  24.9182358  0.007165296
  24.9821568  0.00887965504
  25.0460777  0.00964418985
  25.1100006  0.0095698908
  25.1739216  0.0111795934
  25.2378426  0.0120947473
  25.3017635  0.0135831488
  25.3656864  0.0133378776
  25.4296074  0.0157000832
  25.4935284  0.0156686101
  25.5574512  0.0154974107
  25.6213722  0.0176319033
  25.6852932  0.0187264066
  25.7492161  0.0184868481
  25.8131371  0.0170812663
  25.877058  0.0185380746
  25.9409809  0.0188791305
  26.0049019  0.019622324
  26.0688229  0.0198862683
  26.1327457  0.0206639022
  26.1966667  0.020132808
  26.2605877  0.0191929732
  26.3245087  0.0185673572
  26.3884315  0.0196356364
  26.4523525  0.0187977366
  26.5162735  0.0199906956
  26.5801964  0.0201433785
  26.6441174  0.0212068222
  26.7080383  0.0196306817
  26.7719612  0.0206751134
  26.8358822  0.0191461705
  26.8998032  0.0202862993
  26.963726  0.019065287
  27.027647  0.0187720191
  27.091568  0.019170478
  27.1554909  0.0186742898
  27.2194118  0.0190868564
  27.2833328  0.01973713
  27.3472538  0.0189241879
  27.4111767  0.0188171025
  27.4750977  0.0189147722
  27.5390186  0.0201346818
  27.6029415  0.0197389051
  27.6668625  0.0188242774
  27.7307835  0.0186997969
  27.7947063  0.0184490271
  27.8586273  0.0173742138
  27.9225483  0.015762344
  27.9864712  0.0157982707
  28.0503922  0.0156755913
  28.1143131  0.0147427544
  28.178236  0.0133952936
  28.242157  0.0110718841
  28.306078  0.0102818636
  28.3699989  0.00906000473
  28.4339218  0.00783896726
  28.4978428  0.00640245806
  28.5617638  0.00546269119
  28.6256866  0.00475309789
  28.6896076  0.00319591444
  28.7535286  0.0026226989
  28.8174515  0.00195921259
  28.8813725  0.00144140946
  28.9452934  0.00108979945
  29.0092163  0.000788283534
  29.0731373  0.000466824771
  29.1370583  0.000643034349
     *       *   
  27.9341164  0.00343752094
  27.9964695  0.00134081114
  28.0588226  0.00167596433
  28.1211758  0.00214584335
  28.1835289  0.00296283606
  28.245882  0.00361087359
  28.3082352  0.00460451515
  28.3705864  0.00542162592
  28.4329395  0.00696055684
  28.4952927  0.00759802712
  28.5576458  0.00973342638
  28.6199989  0.0106066139
  28.6823521  0.010729013
  28.7447052  0.0124132056
  28.8070583  0.0135591561
  28.8694115  0.015782319
  28.9317646  0.0163098015
  28.9941158  0.0164892972
  29.056469  0.0176473018
  29.1188221  0.01787447
  29.1811752  0.0185192507
  29.2435284  0.0182457305
  29.3058815  0.0192050319
  29.3682346  0.0178591479
  29.4305878  0.0193932839
  29.4929409  0.0197989289
  29.555294  0.0190407857
  29.6176453  0.0198377296
  29.6799984  0.019160606
  29.7423515  0.0201558154
  29.8047047  0.0194731038
  29.8670578  0.0202226117
  29.9294109  0.0192188732
  29.9917641  0.0201721247
  30.0541172  0.0196467936
  30.1164703  0.0197847337
  30.1788235  0.0209744461
  30.2411747  0.0197405014
  30.3035278  0.0202533323
  30.365881  0.0197104719
  30.4282341  0.019714335
  30.4905872  0.0195680987
  30.5529404  0.0187343545
  30.6152935  0.0200948734
  30.6776466  0.0196756292
  30.7399998  0.0188934375
  30.8023529  0.0189748015
  30.8647041  0.0183832999
  30.9270573  0.0217281114
  30.9894104  0.0194738954
  31.0517635  0.0199429896
  31.1141167  0.0195586942
  31.1764698  0.0187887661
  31.2388229  0.0181505382
  31.3011761  0.018776441
  31.3635292  0.0172849875
  31.4258823  0.0164321121
  31.4882336  0.0159832146
  31.5505867  0.0144296866
  31.6129398  0.0133024855
  31.675293  0.0113555156
  31.7376461  0.0103030279
  31.7999992  0.00875581522
  31.8623524  0.00789035577
  31.9247055  0.00551412906
  31.9870586  0.00563636702
  32.0494118  0.00372664258
  32.111763  0.0026266349
  32.174118  0.00179865235
  32.2364693  0.00101051829
  32.2988243  0.0007810549
  32.3611755  0.000521066017
  32.4235268  0.000372777809
  32.4858818  0.000200665439
  32.548233  0.000299535721
     *       *   
  31.3870583  0.00126014266
  31.4482346  0.000733482651
  31.5094109  0.00129156909
  31.5705872  0.00213112915
  31.6317635  0.0024252329
  31.6929398  0.0028951806
  31.7541161  0.00320060179
  31.8152924  0.00513242558
  31.8764687  0.00617360743
  31.9376469  0.00902344659
  31.9988232  0.00948813092
  32.0599976  0.0121575166
  32.1211739  0.0130592743
  32.1823502  0.0128538739
  32.2435303  0.014460572
  32.3047066  0.0153451115
  32.3658829  0.015824046
  32.4270592  0.0174243376
  32.4882355  0.0184555929
  32.5494118  0.019085642
  32.6105881  0.0188897103
  32.6717644  0.0203334317
  32.7329407  0.0197436959
  32.794117  0.01917376
  32.8552933  0.0200280361
  32.9164696  0.0183176361
  32.9776459  0.0192773286
  33.0388222  0.019302208
  33.0999985  0.0208206773
  33.1611748  0.020435378
  33.2223511  0.0194889568
  33.2835274  0.0205652192
  33.3447037  0.0200714618
  33.40588  0.0195361394
  33.4670563  0.0200887378
  33.5282326  0.0187571365
  33.5894089  0.0196543764
  33.650589  0.0186371356
  33.7117653  0.020377947
  33.7729416  0.0186246037
  33.8341179  0.0193831474
  33.8952942  0.0190868173
  33.9564705  0.0185477138
  34.0176468  0.0200305749
  34.0788231  0.0192368869
  34.1399994  0.0197060853
  34.2011757  0.0194254257
  34.262352  0.0191107094
  34.3235283  0.0200045016
  34.3847046  0.0205620844
  34.4458809  0.0199556183
  34.5070572  0.0190919079
  34.5682335  0.0204874538
  34.6294098  0.0174609367
  34.6905861  0.0170993805
  34.7517624  0.0163134579
  34.8129387  0.017427152
  34.874115  0.0161114354
  34.9352913  0.0146649936
  34.9964676  0.013489035
  35.0576477  0.0119641917
  35.118824  0.00974787399
  35.1800003  0.00853834953
  35.2411766  0.00748244906
  35.3023529  0.00496851327
  35.3635292  0.00486221723
  35.4247055  0.00386070134
  35.4858818  0.00222582766
  35.5470581  0.00149323372
  35.6082344  0.00138180901
  35.6694107  0.000846889161
  35.730587  0.000394079019
  35.7917633  0.000255343271
  35.8529396  0.000130061439
  35.9141159  0.000108461216
     *       *   
  34.7613716  0.000633177347
  34.822155  0.000475443085
  34.8829422  0.000730392407
  34.9437256  0.00100993435
  35.004509  0.0014654611
  35.0652924  0.00220101071
  35.1260796  0.00336639513
  35.1868629  0.00427267142
  35.2476463  0.00455638627
  35.3084297  0.00828235596
  35.3692169  0.00909562223
  35.4300003  0.0109247928
  35.4907837  0.0119206784
  35.5515671  0.0141304163
  35.6123543  0.0139765097
  35.6731377  0.0157835484
  35.7339211  0.0171341486
  35.7947044  0.0189339891
  35.8554916  0.0182853434
  35.916275  0.0190972518
  35.9770584  0.0198442098
  36.0378418  0.0203203037
  36.0986252  0.0205620248
  36.1594124  0.0200162306
  36.2201958  0.0199915897
  36.2809792  0.0196217764
  36.3417625  0.0199978799
  36.4025497  0.0198527277
  36.4633331  0.0198225211
  36.5241165  0.0204361938
  36.5848999  0.0194447208
  36.6456871  0.0194778685
  36.7064705  0.0183124691
  36.7672539  0.0200560018
  36.8280373  0.0202064924
  36.8888245  0.0206446424
  36.9496078  0.0213303696
  37.0103912  0.0188813172
  37.0711746  0.0189421959
  37.1319618  0.0195935275
  37.1927452  0.0187597498
  37.2535286  0.0205132831
  37.314312  0.0186860077
  37.3750992  0.0199498609
  37.4358826  0.0191060808
  37.496666  0.0195635837
  37.5574493  0.0188133344
  37.6182365  0.0195112675
  37.6790199  0.0192567427
  37.7398033  0.0195910614
  37.8005867  0.0179654527
  37.8613739  0.0184523705
  37.9221573  0.019415427
  37.9829407  0.0196747929
  38.0437241  0.0199596994
  38.1045074  0.0170185529
  38.1652946  0.0187359899
  38.226078  0.0161200687
  38.2868614  0.0165483169
  38.3476448  0.0146439578
  38.408432  0.0129530123
  38.4692154  0.00999909267
  38.5299988  0.00875631347
  38.5907822  0.00665257638
  38.6515694  0.00493098563
  38.7123528  0.00416048104
  38.7731361  0.00268101343
  38.8339195  0.00159525312
  38.8947067  0.00111137889
  38.9554901  0.000584145309
  39.0162735  0.000404006831
  39.0770569  0.000118327807
  39.1378441  8.83187095E-05
  39.1986275  4.06673753E-05
  39.2594109  8.14461237E-06
     *       *   
  38.1156845  0.000248368306
  38.1760788  0.000220671674
  38.2364693  0.000381652761
  38.2968636  0.000728644256
  38.357254  0.00124745187
  38.4176483  0.00169146282
  38.4780388  0.0027204575
  38.5384293  0.00398737844
  38.5988235  0.0048543266
  38.659214  0.00751940766
  38.7196083  0.00853628572
  38.7799988  0.0101747597
  38.8403931  0.013078494
  38.9007835  0.0142016625
  38.9611778  0.0162945949
  39.0215683  0.0178004075
  39.0819588  0.0171588063
  39.1423531  0.0194261465
  39.2027435  0.0188611373
  39.2631378  0.0192818213
  39.3235283  0.0208032001
  39.3839226  0.0208088662
  39.444313  0.0199904069
  39.5047073  0.0180446561
  39.5650978  0.0196285043
  39.6254883  0.0200508907
  39.6858826  0.0197393894
  39.746273  0.017300196
  39.8066673  0.0191620756
  39.8670578  0.0214876197
  39.9274521  0.0201645568
  39.9878426  0.0188109167
  40.0482368  0.0200709179
  40.1086273  0.0197411161
  40.1690178  0.0185792409
  40.2294121  0.0190230887
  40.2898026  0.0188815389
  40.3501968  0.0177956223
  40.4105873  0.0190697927
  40.4709816  0.0183649324
  40.5313721  0.0196621045
  40.5917625  0.0184261519
  40.6521568  0.0190557111
  40.7125473  0.0198233984
  40.7729416  0.0190374684
  40.8333321  0.0188776609
  40.8937263  0.0189383533
  40.9541168  0.0184247065
  41.0145111  0.0198844597
  41.0749016  0.018690994
  41.1352921  0.0200578794
  41.1956863  0.0209709201
  41.2560768  0.0205607545
  41.3164711  0.0212112516
  41.3768616  0.0185973644
  41.4372559  0.0192310866
  41.4976463  0.0191434082
  41.5580406  0.0184621383
  41.6184311  0.0152834095
  41.6788216  0.0154059269
  41.7392159  0.0138873663
  41.7996063  0.0107399281
  41.8600006  0.00917319208
  41.9203911  0.00691631064
  41.9807854  0.00534738414
  42.0411758  0.0032770352
  42.1015701  0.00226233318
  42.1619606  0.00121160911
  42.2223511  0.000670404988
  42.2827454  0.00042980822
  42.3431358  0.000220901973
  42.4035301  0.00013836415
  42.4639206  4.45474216E-05
  42.5243149  4.37578547E-06
  42.5847054  0.
     *       *   
  41.4500008  4.08902524E-05
  41.5099983  0.000125040489
  41.5699997  0.000148074396
  41.6300011  0.000411212532
  41.6899986  0.000829623779
  41.75  0.00133685255
  41.8099976  0.0027146982
  41.8699989  0.00328255491
  41.9300003  0.00501747336
  41.9899979  0.00678833807
  42.0499992  0.00843240321
  42.1100006  0.0107558323
  42.1699982  0.0116984872
  42.2299995  0.0147544183
  42.2900009  0.0172432177
  42.3499985  0.0177935995
  42.4099998  0.0179197174
  42.4700012  0.0189279355
  42.5299988  0.0191881545
  42.5900002  0.0188718699
  42.6499977  0.0193843748
  42.7099991  0.0196516812
  42.7700005  0.0199606381
  42.829998  0.0194932874
  42.8899994  0.0184169803
  42.9500008  0.0192978177
  43.0099983  0.0199524797
  43.0699997  0.0194954984
  43.1300011  0.0196181349
  43.1899986  0.0196856894
  43.25  0.0205740668
  43.3099976  0.0206679888
  43.3699989  0.0177721977
  43.4300003  0.0184618123
  43.4899979  0.0189594571
  43.5499992  0.0214658007
  43.6100006  0.0183364227
  43.6699982  0.0191577878
  43.7299995  0.0199668836
  43.7900009  0.0210309811
  43.8499985  0.0203991625
  43.9099998  0.0196272153
  43.9700012  0.0198423713
  44.0299988  0.0197634753
  44.0900002  0.0197226144
  44.1499977  0.0201549511
  44.2099991  0.0190205537
  44.2700005  0.0197086297
  44.329998  0.0204937626
  44.3899994  0.0199705139
  44.4500008  0.0197373107
  44.5099983  0.0192523785
  44.5699997  0.019532837
  44.6300011  0.0197551623
  44.6899986  0.0196023006
  44.75  0.0178771242
  44.8099976  0.0186504256
  44.8699989  0.0176311787
  44.9300003  0.0172271747
  44.9899979  0.0159161333
  45.0499992  0.0126587367
  45.1100006  0.010693376
  45.1699982  0.00865038298
  45.2299995  0.0059309667
  45.2900009  0.00434703939
  45.3499985  0.00325078773
  45.4099998  0.00135131238
  45.4700012  0.000792805105
  45.5299988  0.000538957363
  45.5900002  0.000146256687
  45.6499977  4.77063295E-05
  45.7099991  6.27533591E-05
  45.7700005  7.68142218E-06
  45.829998  5.53317568E-06
  45.8899994  0.
     *       *   
  44.7543144  1.73710089E-06
  44.8139229  7.01695317E-05
  44.8735313  8.11236096E-05
  44.933136  0.000350432296
  44.9927444  0.000507240184
  45.0523529  0.000683166902
  45.1119614  0.00207869848
  45.1715698  0.00293401722
  45.2311783  0.00434385147
  45.2907829  0.00670259818
  45.3503914  0.00867409352
  45.4099998  0.0110041155
  45.4696083  0.0137865292
  45.5292168  0.0141775142
  45.5888252  0.0172252748
  45.6484299  0.0182810929
  45.7080383  0.0184313748
  45.7676468  0.0196899436
  45.8272552  0.0197464358
  45.8868637  0.0196967591
  45.9464722  0.0197982118
  46.0060806  0.0203404147
  46.0656853  0.0193896964
  46.1252937  0.0197653417
  46.1849022  0.020268973
  46.2445107  0.0201187655
  46.3041191  0.0192385856
  46.3637276  0.019021716
  46.4233322  0.019774463
  46.4829407  0.0203270335
  46.5425491  0.0191769376
  46.6021576  0.0187010486
  46.6617661  0.0189550612
  46.7213745  0.0201524869
  46.7809792  0.0194143727
  46.8405876  0.0204035975
  46.9001961  0.0191093646
  46.9598045  0.0193757266
  47.019413  0.0193964057
  47.0790215  0.0201564599
  47.1386261  0.0196642522
  47.1982346  0.0204451866
  47.257843  0.0194767583
  47.3174515  0.0196092874
  47.3770599  0.0185696129
  47.4366684  0.0194207951
  47.496273  0.020886017
  47.5558815  0.0188394766
  47.61549  0.0193494782
  47.6750984  0.0194296744
  47.7347069  0.019105522
  47.7943153  0.0193855688
  47.85392  0.019509282
  47.9135284  0.0196115393
  47.9731369  0.0189658385
  48.0327454  0.0196352862
  48.0923538  0.0181482676
  48.1519623  0.0180921368
  48.2115707  0.0163026284
  48.2711754  0.0152342245
  48.3307838  0.0135679208
  48.3903923  0.011447534
  48.4500008  0.00838081725
  48.5096092  0.00610164879
  48.5692177  0.00422335416
  48.6288223  0.00263964501
  48.6884308  0.00143887079
  48.7480392  0.000700715522
  48.8076477  0.000285452028
  48.8672562  0.000124226717
  48.9268646  5.24076277E-05
  48.9864693  0.
  49.0460777  5.75845115E-06
  49.1056862  0.
  49.1652946  0.
     *       *   
  48.0343132  0.
  48.0939217  2.35566167E-05
  48.1535301  2.02028186E-05
  48.2131348  0.000139947675
  48.2727432  0.000234947947
  48.3323517  0.000821249443
  48.3919601  0.00127022562
  48.4515686  0.00198092661
  48.5111771  0.00328203151
  48.5707817  0.00566671696
  48.6303902  0.00802209508
  48.6899986  0.0111225843
  48.7496071  0.0129393758
  48.8092155  0.0168286115
  48.868824  0.0152983526
  48.9284286  0.0177922025
  48.9880371  0.0181281194
  49.0476456  0.0179952793
  49.107254  0.0187576823
  49.1668625  0.0210988764
  49.2264709  0.0187337752
  49.2860794  0.018844666
  49.3456841  0.0196136385
  49.4052925  0.0185979865
  49.464901  0.0199537184
  49.5245094  0.020654168
  49.5841179  0.0190750174
  49.6437263  0.0195209812
  49.703331  0.0200271625
  49.7629395  0.0190326478
  49.8225479  0.0194956921
  49.8821564  0.0204925798
  49.9417648  0.0202445034
  50.0013733  0.020132497
  50.0609779  0.0200713947
  50.1205864  0.0194104612
  50.1801949  0.0198950116
  50.2398033  0.0184842311
  50.2994118  0.0192564838
  50.3590202  0.0190617032
  50.4186249  0.0202073604
  50.4782333  0.0191305354
  50.5378418  0.01879761
  50.5974503  0.0195590407
  50.6570587  0.019700706
  50.7166672  0.0200220887
  50.7762718  0.0192422532
  50.8358803  0.0199973956
  50.8954887  0.0189899672
  50.9550972  0.0199234933
  51.0147057  0.0206658337
  51.0743141  0.019510055
  51.1339188  0.0211213734
  51.1935272  0.0201516692
  51.2531357  0.0190837961
  51.3127441  0.0209491402
  51.3723526  0.0198011845
  51.4319611  0.0187111441
  51.4915695  0.0179844461
  51.5511742  0.0167226233
  51.6107826  0.0138719259
  51.6703911  0.0122514609
  51.7299995  0.00830836874
  51.789608  0.00579687441
  51.8492165  0.00354685984
  51.9088211  0.00198091194
  51.9684296  0.00118765165
  52.028038  0.000562001253
  52.0876465  0.000143834623
  52.1472549  5.36065163E-05
  52.2068634  0.
  52.266468  3.62926312E-06
  52.3260765  0.
  52.385685  0.
  52.4452934  0.
     *       *   
  51.3243141  0.
  51.3839226  4.14692113E-06
  51.443531  0.
  51.5031357  4.14314891E-05
  51.5627441  0.000196457986
  51.6223526  0.000479922281
  51.6819611  0.00100301043
  51.7415695  0.00168095983
  51.801178  0.00428895606
  51.8607826  0.0057709571
  51.9203911  0.00887949672
  51.9799995  0.0111537185
  52.039608  0.0143914334
  52.0992165  0.0148206912
  52.1588249  0.0169204865
  52.2184296  0.0199643355
  52.278038  0.0196170714
  52.3376465  0.0191779602
  52.3972549  0.0195676498
  52.4568634  0.0193591267
  52.5164719  0.0187609196
  52.5760803  0.0193019565
  52.635685  0.0182741862
  52.6952934  0.0196613595
  52.7549019  0.0190775767
  52.8145103  0.0209983829
  52.8741188  0.0206309576
  52.9337273  0.0189650804
  52.9933319  0.0182850193
  53.0529404  0.0187783707
  53.1125488  0.018827375
  53.1721573  0.019962633
  53.2317657  0.0200986341
  53.2913742  0.0204510335
  53.3509789  0.0195099171
  53.4105873  0.0186494626
  53.4701958  0.0187669136
  53.5298042  0.0205822978
  53.5894127  0.0190027878
  53.6490211  0.0193415545
  53.7086258  0.0201345105
  53.7682343  0.0197404698
  53.8278427  0.021056883
  53.8874512  0.0188092664
  53.9470596  0.0188379288
  54.0066681  0.0185065847
  54.0662727  0.0196660254
  54.1258812  0.0202537999
  54.1854897  0.0196826514
  54.2450981  0.0196878016
  54.3047066  0.0200169049
  54.364315  0.0198469087
  54.4239197  0.0192158241
  54.4835281  0.0199808795
  54.5431366  0.0216055401
  54.6027451  0.0197707228
  54.6623535  0.0195440277
  54.721962  0.0190019701
  54.7815704  0.0182357188
  54.8411751  0.0154415816
  54.9007835  0.0154330945
  54.960392  0.0117790354
  55.0200005  0.0080799628
  55.0796089  0.00496441685
  55.1392174  0.00296843238
  55.198822  0.00152721163
  55.2584305  0.000656666467
  55.3180389  0.000231307145
  55.3776474  6.00656822E-05
  55.4372559  1.9564357E-05
  55.4968643  0.
  55.556469  0.
  55.6160774  0.
  55.6756859  0.
  55.7352943  0.
     *       *   
  54.5943146  0.
  54.653923  0.
  54.7135315  8.78690662E-06
  54.7731361  3.84033001E-06
  54.8327446  7.39686075E-05
  54.8923531  0.000261105626
  54.9519615  0.000619903032
  55.01157  0.00131037703
  55.0711784  0.00273722969
  55.1307831  0.00559377763
  55.1903915  0.00758651411
  55.25  0.0105432644
  55.3096085  0.0138959736
  55.3692169  0.0138958851
  55.4288254  0.0169961564
  55.48843  0.0179390479
  55.5480385  0.0184185822
  55.6076469  0.0197423734
  55.6672554  0.0186682567
  55.7268639  0.0207924228
  55.7864723  0.0186048225
  55.8460808  0.0190818924
  55.9056854  0.0179285165
  55.9652939  0.0185393076
  56.0249023  0.0208640397
  56.0845108  0.019631315
  56.1441193  0.020678943
  56.2037277  0.0201696865
  56.2633324  0.0177206993
  56.3229408  0.0206319205
  56.3825493  0.0197367072
  56.4421577  0.0198510438
  56.5017662  0.0195975918
  56.5613747  0.0189905167
  56.6209793  0.0188027211
  56.6805878  0.019989904
  56.7401962  0.0199957956
  56.7998047  0.0189797357
  56.8594131  0.0207600761
  56.9190216  0.019262353
  56.9786263  0.0193627868
  57.0382347  0.0191661008
  57.0978432  0.0203005876
  57.1574516  0.0201055519
  57.2170601  0.0192595143
  57.2766685  0.0192034263
  57.3362732  0.0192881264
  57.3958817  0.0214001387
  57.4554901  0.0202891286
  57.5150986  0.020363465
  57.574707  0.0206746049
  57.6343155  0.0192925949
  57.6939201  0.0217841603
  57.7535286  0.0202131327
  57.8131371  0.0214926768
  57.8727455  0.0183291584
  57.932354  0.0192312561
  57.9919624  0.0199904963
  58.0515709  0.019115923
  58.1111755  0.0166638456
  58.170784  0.0155691914
  58.2303925  0.0117624374
  58.2900009  0.00810264889
  58.3496094  0.00526079489
  58.4092178  0.00256913085
  58.4688225  0.00135892502
  58.5284309  0.000650427653
  58.5880394  0.000250059005
  58.6476479  4.4655244E-05
  58.7072563  0.
  58.7668648  0.
  58.8264694  0.
  58.8860779  0.
  58.9456863  0.
  59.0052948  0.
     *       *   
  57.8743134  0.
  57.9339218  0.
  57.9935303  0.
  58.0531349  2.40142126E-05
  58.1127434  4.96959838E-05
  58.1723518  9.53487761E-05
  58.2319603  0.000405174593
  58.2915688  0.00131668022
  58.3511772  0.00213773013
  58.4107819  0.00499616005
  58.4703903  0.00826083962
  58.5299988  0.0120192887
  58.5896072  0.0140471831
  58.6492157  0.0166136771
  58.7088242  0.0179764293
  58.7684288  0.0186824296
  58.8280373  0.0196012277
  58.8876457  0.0193753596
  58.9472542  0.0205678083
  59.0068626  0.0178977326
  59.0664711  0.01994076
  59.1260796  0.018616708
  59.1856842  0.0198773537
  59.2452927  0.0184874106
  59.3049011  0.0189766362
  59.3645096  0.0185391027
  59.424118  0.0206926111
  59.4837265  0.0211227275
  59.5433311  0.0202993024
  59.6029396  0.0199397933
  59.6625481  0.0209692065
  59.7221565  0.0193699542
  59.781765  0.0204506926
  59.8413734  0.0197174847
  59.9009781  0.0185311846
  59.9605865  0.0188168194
  60.020195  0.020980997
  60.0798035  0.018403342
  60.1394119  0.0199160557
  60.1990204  0.0200354774
  60.258625  0.0203570314
  60.3182335  0.017082274
  60.3778419  0.0190188754
  60.4374504  0.0198227614
  60.4970589  0.0196855571
  60.5566673  0.0194192212
  60.616272  0.021526102
  60.6758804  0.0189214423
  60.7354889  0.0204830207
  60.7950974  0.0203791261
  60.8547058  0.0209271666
  60.9143143  0.0201841071
  60.9739189  0.0184035972
  61.0335274  0.0187759791
  61.0931358  0.0198617578
  61.1527443  0.0200957227
  61.2123528  0.0188765321
  61.2719612  0.0187761374
  61.3315697  0.0190008953
  61.3911743  0.017713502
  61.4507828  0.0148696518
  61.5103912  0.0113488324
  61.5699997  0.00850120373
  61.6296082  0.00443775998
  61.6892166  0.00236594374
  61.7488213  0.00108267483
  61.8084297  0.000244806637
  61.8680382  8.45632967E-05
  61.9276466  0.
  61.9872551  3.52840561E-06
  62.0468636  0.
  62.1064682  0.
  62.1660767  0.
  62.2256851  0.
  62.2852936  0.
     *       *   
  61.1686287  0.
  61.2278442  0.
  61.2870598  0.
  61.3462753  0.
  61.4054909  5.11507506E-06
  61.4647064  5.97662147E-05
  61.523922  0.000323047279
  61.5831375  0.00121589482
  61.6423531  0.00255511957
  61.7015686  0.00491768634
  61.760788  0.00783049874
  61.8200035  0.0130998828
  61.8792191  0.0155891813
  61.9384346  0.017193513
  61.9976501  0.0178842749
  62.0568657  0.0211546682
  62.1160812  0.01906134
  62.1752968  0.0196778774
  62.2345123  0.017746618
  62.2937279  0.0179582294
  62.3529434  0.0195112675
  62.412159  0.0189168416
  62.4713745  0.0193740483
  62.5305901  0.0192159675
  62.5898056  0.0196231306
  62.6490211  0.0200270433
  62.7082367  0.019717386
  62.7674522  0.0197952613
  62.8266678  0.0204568692
  62.8858833  0.0196927339
  62.9450989  0.0177278947
  63.0043144  0.0208396986
  63.06353  0.0183405057
  63.1227455  0.0183261782
  63.1819611  0.0194521081
  63.2411766  0.021018466
  63.3003922  0.0204029121
  63.3596115  0.0197568163
  63.4188271  0.0196141228
  63.4780426  0.0199137442
  63.5372581  0.0195986778
  63.5964737  0.0202480275
  63.6556892  0.0199118145
  63.7149048  0.020202199
  63.7741203  0.018764833
  63.8333359  0.0193950273
  63.8925514  0.0198058449
  63.951767  0.019858079
  64.0109787  0.0201693457
  64.0701981  0.0197315868
  64.1294098  0.0190186072
  64.1886292  0.0183927882
  64.2478485  0.0191574935
  64.3070602  0.0191096105
  64.3662796  0.020754898
  64.4254913  0.0193296112
  64.4847107  0.0202609301
  64.5439224  0.0194599535
  64.6031418  0.0181821566
  64.6623535  0.0193471089
  64.7215729  0.0151340738
  64.7807846  0.0116444891
  64.840004  0.007095824
  64.8992157  0.00434528198
  64.9584351  0.00215431559
  65.0176468  0.000563500507
  65.0768661  0.000322403095
  65.1360779  4.58190298E-05
  65.1952972  0.
  65.254509  0.
  65.3137283  0.
  65.3729401  0.
  65.4321594  0.
  65.4913712  0.
  65.5505905  0.
     *       *   
  64.428627  0.
  64.4878387  0.
  64.5470581  0.
  64.6062698  0.
  64.6654892  0.
  64.7247009  4.84902448E-05
  64.7839203  0.000158161565
  64.843132  0.000561041816
  64.9023514  0.00195472222
  64.9615631  0.00464184862
  65.0207825  0.00767960027
  65.0799942  0.0120073091
  65.1392136  0.0156056769
  65.1984253  0.0166130215
  65.2576447  0.0191266127
  65.3168564  0.020835286
  65.3760757  0.0203528795
  65.4352875  0.0203257166
  65.4945068  0.0205099508
  65.5537186  0.0203821901
  65.6129379  0.0185948759
  65.6721497  0.020063661
  65.731369  0.0188543573
  65.7905884  0.0203909054
  65.8498001  0.0203615855
  65.9090195  0.0173438545
  65.9682312  0.017683031
  66.0274506  0.0200632494
  66.0866623  0.0204624049
  66.1458817  0.0200168621
  66.2050934  0.0205666889
  66.2643127  0.0198138431
  66.3235245  0.0187037364
  66.3827438  0.0195257012
  66.4419556  0.0196896363
  66.5011749  0.0184959192
  66.5603867  0.0185191948
  66.619606  0.0176331643
  66.6788177  0.0182282031
  66.7380371  0.0212837085
  66.7972488  0.0206966456
  66.8564682  0.0198854208
  66.9156799  0.0191903934
  66.9748993  0.0199895259
  67.034111  0.0181820802
  67.0933304  0.0198214911
  67.1525421  0.0202245619
  67.2117615  0.0214202274
  67.2709732  0.0195000656
  67.3301926  0.0198168233
  67.3894043  0.0191127937
  67.4486237  0.0190479774
  67.507843  0.0195920765
  67.5670547  0.0182570498
  67.6262741  0.0194191001
  67.6854858  0.0204419177
  67.7447052  0.0196228549
  67.8039169  0.0188137814
  67.8631363  0.018545242
  67.922348  0.0196674801
  67.9815674  0.0152059067
  68.0407791  0.0115646236
  68.0999985  0.00828801095
  68.1592102  0.00417873263
  68.2184296  0.00188356999
  68.2776413  0.00041370283
  68.3368607  9.32718613E-05
  68.3960724  2.1799302E-05
  68.4552917  5.75918875E-06
  68.5145035  0.
  68.5737228  0.
  68.6329346  0.
  68.6921539  0.
  68.7513657  0.
  68.810585  0.
     *       *   
  67.6986313  0.
  67.757843  0.
  67.8170624  0.
  67.8762741  0.
  67.9354935  5.54505914E-06
  67.9947052  1.21568528E-05
  68.0539246  6.06367321E-05
  68.1131363  0.000480508112
  68.1723557  0.00177182409
  68.2315674  0.00337001332
  68.2907867  0.00773645611
  68.3499985  0.0110655995
  68.4092178  0.0153675713
  68.4684296  0.0189039353
  68.5276489  0.0187358838
  68.5868607  0.0197551455
  68.64608  0.0194698721
  68.7052917  0.0197322425
  68.7645111  0.0206496734
  68.8237228  0.0200773012
  68.8829422  0.0191848278
  68.9421539  0.0194771271
  69.0013733  0.0186355915
  69.0605927  0.0197540261
  69.1198044  0.0197006464
  69.1790237  0.0184093118
  69.2382355  0.0192590691
  69.2974548  0.0181914084
  69.3566666  0.0204913951
  69.4158859  0.0207366701
  69.4750977  0.0195750911
  69.534317  0.0198916793
  69.5935287  0.0190046914
  69.6527481  0.0204674676
  69.7119598  0.0200930089
  69.7711792  0.0205072369
  69.8303909  0.020835096
  69.8896103  0.0206326861
  69.948822  0.0183968637
  70.0080414  0.0189710446
  70.0672531  0.0210129581
  70.1264725  0.0198984351
  70.1856842  0.0201890115
  70.2449036  0.0192938894
  70.3041153  0.0202603582
  70.3633347  0.0196298379
  70.4225464  0.0191957317
  70.4817657  0.0196007397
  70.5409775  0.0179480575
  70.6001968  0.0201591477
  70.6594086  0.0197464824
  70.7186279  0.0199990254
  70.7778473  0.0192875843
  70.837059  0.0193367973
  70.8962784  0.0196609199
  70.9554901  0.020094499
  71.0147095  0.0179675091
  71.0739212  0.0203239061
  71.1331406  0.017851213
  71.1923523  0.0184364934
  71.2515717  0.0160272289
  71.3107834  0.0118178679
  71.3700027  0.00780497771
  71.4292145  0.00352670066
  71.4884338  0.00117692712
  71.5476456  0.000282842608
  71.6068649  5.07995064E-05
  71.6660767  1.08387012E-05
  71.725296  0.
  71.7845078  0.
  71.8437271  0.
  71.9029388  0.
  71.9621582  0.
  72.0213699  0.
  72.0805893  0.
     *       *   
  70.9586334  0.
  71.0178452  0.
  71.0770645  0.
  71.1362762  0.
  71.1954956  0.
  71.2547073  3.95329334E-06
  71.3139267  3.34331889E-05
  71.3731384  0.000280641194
  71.4323578  0.00112708553
  71.4915695  0.00360312965
  71.5507889  0.00803241413
  71.6100006  0.0130758937
  71.66922  0.016067775
  71.7284317  0.0176342111
  71.7876511  0.0192450639
  71.8468628  0.0193094537
  71.9060822  0.0198472776
  71.9652939  0.0193525273
  72.0245132  0.020360304
  72.083725  0.0195491873
  72.1429443  0.0184596758
  72.2021561  0.0195981469
  72.2613754  0.0202530511
  72.3205948  0.0195497833
  72.3798065  0.0184612889
  72.4390259  0.0200622026
  72.4982376  0.0212968476
  72.557457  0.0200570542
  72.6166687  0.0206970405
  72.6758881  0.0185545329
  72.7350998  0.0191089846
  72.7943192  0.0189723223
  72.8535309  0.0207347311
  72.9127502  0.0201549288
  72.971962  0.0193473902
  73.0311813  0.0208913442
  73.0903931  0.0186374132
  73.1496124  0.0198364798
  73.2088242  0.0191667657
  73.2680435  0.0192912351
  73.3272552  0.0198356602
  73.3864746  0.0196011104
  73.4456863  0.0192339234
  73.5049057  0.0203856193
  73.5641174  0.0184709728
  73.6233368  0.0195338838
  73.6825485  0.0207782052
  73.7417679  0.0203954894
  73.8009796  0.0191955734
  73.860199  0.0197601859
  73.9194107  0.0188969541
  73.9786301  0.019487435
  74.0378494  0.0200479757
  74.0970612  0.0201434214
  74.1562805  0.0187309384
  74.2154922  0.0182072241
  74.2747116  0.0194637533
  74.3339233  0.0196770523
  74.3931427  0.019046573
  74.4523544  0.0177551191
  74.5115738  0.0170433074
  74.5707855  0.0123610934
  74.6300049  0.00695650466
  74.6892166  0.00328061031
  74.748436  0.000850260141
  74.8076477  0.00019706889
  74.8668671  1.05190038E-05
  74.9260788  0.
  74.9852982  0.
  75.0445099  0.
  75.1037292  0.
  75.162941  0.
  75.2221603  0.
  75.2813721  0.
  75.3405914  0.
     *       *   
  74.2186279  0.
  74.2778397  0.
  74.337059  0.
  74.3962708  0.
  74.4554901  0.
  74.5147018  0.
  74.5739212  2.73804035E-05
  74.6331329  0.00019826951
  74.6923523  0.0010068072
  74.751564  0.00290268939
  74.8107834  0.00773635413
  74.8699951  0.0125281522
  74.9292145  0.0164903812
  74.9884262  0.0171659496
  75.0476456  0.0189430304
  75.1068573  0.0177596547
  75.1660767  0.0202712268
  75.2252884  0.0213373341
  75.2845078  0.0195833631
  75.3437195  0.0208346602
  75.4029388  0.019115543
  75.4621506  0.0193784777
  75.5213699  0.0207516309
  75.5805893  0.0200217944
  75.639801  0.0201311335
  75.6990204  0.0210152194
  75.7582321  0.0193246622
  75.8174515  0.0199592113
  75.8766632  0.0185581669
  75.9358826  0.0205641855
  75.9950943  0.0201353356
  76.0543137  0.0189547781
  76.1135254  0.0189885572
  76.1727448  0.0195763595
  76.2319565  0.0199859925
  76.2911758  0.0186476205
  76.3503876  0.0188100003
  76.4096069  0.0191986896
  76.4688187  0.0195463896
  76.528038  0.019670397
  76.5872498  0.0209315922
  76.6464691  0.0189111102
  76.7056808  0.0203414299
  76.7649002  0.0194877628
  76.8241119  0.020557845
  76.8833313  0.0191371236
  76.942543  0.0211343281
  77.0017624  0.0198984146
  77.0609741  0.0214000493
  77.1201935  0.0192704182
  77.1794052  0.0204196665
  77.2386246  0.0194046739
  77.2978439  0.0187813174
  77.3570557  0.0187291298
  77.416275  0.0201301146
  77.4754868  0.0202569701
  77.5347061  0.0187026113
  77.5939178  0.0184335876
  77.6531372  0.0183012318
  77.7123489  0.0183610618
  77.7715683  0.0171346068
  77.83078  0.0115098953
  77.8899994  0.00627285289
  77.9492111  0.00249940087
  78.0084305  0.00074635382
  78.0676422  9.81691264E-05
  78.1268616  2.87854364E-05
  78.1860733  0.
  78.2452927  0.
  78.3045044  0.
  78.3637238  0.
  78.4229355  0.
  78.4821548  0.
  78.5413666  0.
  78.6005859  0.
     *       *   
  77.4686279  0.
  77.5278397  0.
  77.587059  0.
  77.6462708  0.
  77.7054901  0.
  77.7647018  0.
  77.8239212  2.52190966E-05
  77.8831329  0.000228745732
  77.9423523  0.000795874163
  78.001564  0.00260123471
  78.0607834  0.00605894765
  78.1199951  0.0126196556
  78.1792145  0.0172277614
  78.2384262  0.0198496468
  78.2976456  0.0184641648
  78.3568573  0.0178717412
  78.4160767  0.0185615905
  78.4752884  0.0184309203
  78.5345078  0.0207276251
  78.5937195  0.0200088434
  78.6529388  0.0189781636
  78.7121506  0.0195303187
  78.7713699  0.0210083481
  78.8305893  0.0186696816
  78.889801  0.019722892
  78.9490204  0.0194457993
  79.0082321  0.020766031
  79.0674515  0.0183737483
  79.1266632  0.0218328815
  79.1858826  0.0185221285
  79.2450943  0.0198751986
  79.3043137  0.0191757008
  79.3635254  0.0212525502
  79.4227448  0.0213708896
  79.4819565  0.0181820262
  79.5411758  0.0198480319
  79.6003876  0.0184044559
  79.6596069  0.0194721036
  79.7188187  0.0194380134
  79.778038  0.0190614872
  79.8372498  0.0201102234
  79.8964691  0.0204089936
  79.9556808  0.0202061776
  80.0149002  0.0196271632
  80.0741119  0.019232234
  80.1333313  0.0189613514
  80.192543  0.0198077131
  80.2517624  0.0204242673
  80.3109741  0.0202506147
  80.3701935  0.0188636016
  80.4294052  0.0206121039
  80.4886246  0.0189255271
  80.5478439  0.0211417396
  80.6070557  0.0197028201
  80.666275  0.019957209
  80.7254868  0.0197119825
  80.7847061  0.0187675599
  80.8439178  0.019796513
  80.9031372  0.0196492951
  80.9623489  0.0178322773
  81.0215683  0.0178835802
  81.08078  0.0124376351
  81.1399994  0.00630031107
  81.1992111  0.0024342055
  81.2584305  0.000518342189
  81.3176422  3.06235088E-05
  81.3768616  3.39191274E-06
  81.4360733  0.
  81.4952927  0.
  81.5545044  0.
  81.6137238  0.
  81.6729355  0.
  81.7321548  0.
  81.7913666  0.
  81.8505859  0.
     *       *   
  80.7286301  0.
  80.7878418  0.
  80.8470612  0.
  80.9062729  0.
  80.9654922  0.
  81.024704  0.
  81.0839233  0.
  81.1431351  0.000115116221
  81.2023544  0.000779054768
  81.2615662  0.00226916955
  81.3207855  0.00642621517
  81.3799973  0.0139448401
  81.4392166  0.0164054632
  81.4984283  0.0186766051
  81.5576477  0.0195194464
  81.6168594  0.0196129624
  81.6760788  0.0199983232
  81.7352905  0.0201634988
  81.7945099  0.0182383154
  81.8537216  0.0192636028
  81.912941  0.0197280552
  81.9721527  0.0185815189
  82.0313721  0.0185504276
  82.0905914  0.0186665207
  82.1498032  0.0177619942
  82.2090225  0.0207228567
  82.2682343  0.0203130096
  82.3274536  0.0187208969
  82.3866653  0.0197472461
  82.4458847  0.0193978809
  82.5050964  0.0194862261
  82.5643158  0.0191714559
  82.6235275  0.0193666685
  82.6827469  0.0190825034
  82.7419586  0.0192855969
  82.801178  0.0198752396
  82.8603897  0.0188962817
  82.9196091  0.0193518065
  82.9788208  0.0195391662
  83.0380402  0.0193422232
  83.0972519  0.0205527358
  83.1564713  0.0197942611
  83.215683  0.0198569614
  83.2749023  0.0202989466
  83.3341141  0.0212225989
  83.3933334  0.0200019442
  83.4525452  0.0198387112
  83.5117645  0.0192313585
  83.5709763  0.0182449799
  83.6301956  0.0209480375
  83.6894073  0.0196584221
  83.7486267  0.0193871222
  83.8078461  0.019270679
  83.8670578  0.0218079798
  83.9262772  0.0196290594
  83.9854889  0.0188832656
  84.0447083  0.0200685449
  84.10392  0.0219374485
  84.1631393  0.0204793513
  84.2223511  0.0188614484
  84.2815704  0.0170122366
  84.3407822  0.0132206827
  84.4000015  0.00640001614
  84.4592133  0.0019563809
  84.5184326  0.000410023087
  84.5776443  2.66738552E-05
  84.6368637  0.
  84.6960754  0.
  84.7552948  0.
  84.8145065  0.
  84.8737259  0.
  84.9329376  0.
  84.992157  0.
  85.0513687  0.
  85.1105881  0.
     *       *   
  83.9786301  0.
  84.0378418  0.
  84.0970612  0.
  84.1562729  0.
  84.2154922  0.
  84.274704  0.
  84.3339233  5.08223138E-06
  84.3931351  3.43904176E-05
  84.4523544  0.000270559744
  84.5115662  0.00158108317
  84.5707855  0.00663401373
  84.6299973  0.0120423939
  84.6892166  0.0181876663
  84.7484283  0.0192615073
  84.8076477  0.019975353
  84.8668594  0.0201167278
  84.9260788  0.0196955372
  84.9852905  0.0198122729
  85.0445099  0.0205142628
  85.1037216  0.0195886008
  85.162941  0.0188343376
  85.2221527  0.0179472789
  85.2813721  0.0195344239
  85.3405914  0.0196757223
  85.3998032  0.0198349878
  85.4590225  0.019344788
  85.5182343  0.0198591091
  85.5774536  0.0187196136
  85.6366653  0.0201533474
  85.6958847  0.0181000624
  85.7550964  0.0197890885
  85.8143158  0.0192453507
  85.8735275  0.0208904799
  85.9327469  0.020925099
  85.9919586  0.0192354247
  86.051178  0.0211486947
  86.1103897  0.0191268623
  86.1696091  0.0196514968
  86.2288208  0.0205143336
  86.2880402  0.0189127252
  86.3472519  0.0192185603
  86.4064713  0.0197889991
  86.465683  0.0194055233
  86.5249023  0.0187939368
  86.5841141  0.0196563955
  86.6433334  0.0190886576
  86.7025452  0.0188082475
  86.7617645  0.0195948314
  86.8209763  0.0210707318
  86.8801956  0.0197677817
  86.9394073  0.0188844483
  86.9986267  0.0203573518
  87.0578461  0.019998407
  87.1170578  0.0205528587
  87.1762772  0.0192010049
  87.2354889  0.0197593514
  87.2947083  0.0193304345
  87.35392  0.0201258361
  87.4131393  0.0183332004
  87.4723511  0.018213952
  87.5315704  0.0178721808
  87.5907822  0.0133525748
  87.6500015  0.00703604659
  87.7092133  0.00232828595
  87.7684326  0.000273366488
  87.8276443  2.42591213E-05
  87.8868637  0.
  87.9460754  0.
  88.0052948  0.
  88.0645065  0.
  88.1237259  0.
  88.1829376  0.
  88.242157  0.
  88.3013687  0.
  88.3605881  0.
     *       *   
  87.2386322  0.
  87.2978439  0.
  87.3570633  0.
  87.416275  0.
  87.4754944  0.
  87.5347061  0.
  87.5939255  0.
  87.6531372  1.67619564E-05
  87.7123566  0.000400553166
  87.7715683  0.00181403931
  87.8307877  0.00635056105
  87.8899994  0.0127945608
  87.9492188  0.0181774572
  88.0084305  0.0184186455
  88.0676498  0.0183067378
  88.1268616  0.0186269004
  88.1860809  0.0202452522
  88.2452927  0.0200209823
  88.304512  0.0195548832
  88.3637238  0.0200080462
  88.4229431  0.0193943977
  88.4821548  0.0214216691
  88.5413742  0.0191807114
  88.6005936  0.0207487792
  88.6598053  0.0199919492
  88.7190247  0.0188879762
  88.7782364  0.0213853754
  88.8374557  0.0204657521
  88.8966675  0.0183971152
  88.9558868  0.0189509913
  89.0150986  0.0196702592
  89.0743179  0.0185347628
  89.1335297  0.0177402645
  89.192749  0.0210365113
  89.2519608  0.0194357317
  89.3111801  0.0205143597
  89.3703918  0.019189408
  89.4296112  0.0190805681
  89.4888229  0.0199996196
  89.5480423  0.0193650406
  89.607254  0.0206755362
  89.6664734  0.0210855566
  89.7256851  0.0203967635
  89.7849045  0.018633537
  89.8441162  0.0190299656
  89.9033356  0.0198988039
  89.9625473  0.0207264833
  90.0217667  0.0193853155
  90.0809784  0.0200815164
  90.1401978  0.0199705679
  90.1994095  0.0182316396
  90.2586288  0.0191271175
  90.3178482  0.0192219913
  90.3770599  0.0204488821
  90.4362793  0.018602984
  90.495491  0.0205377936
  90.5547104  0.0186579898
  90.6139221  0.017689582
  90.6731415  0.0194954108
  90.7323532  0.0192806423
  90.7915726  0.0178277809
  90.8507843  0.0138385883
  90.9100037  0.00691486895
  90.9692154  0.00194586162
  91.0284348  0.000155856003
  91.0876465  1.24062162E-05
  91.1468658  0.
  91.2060776  0.
  91.2652969  0.
  91.3245087  0.
  91.383728  0.
  91.4429398  0.
  91.5021591  0.
  91.5613708  0.
  91.6205902  0.
     *       *   
  90.4986343  0.
  90.5578461  0.
  90.6170654  0.
  90.6762772  0.
  90.7354965  0.
  90.7947083  0.
  90.8539276  0.
  90.9131393  0.
  90.9723587  0.000183309545
  91.0315704  0.00160224386
  91.0907898  0.00572818797
  91.1500015  0.0115951719
  91.2092209  0.0183054693
  91.2684326  0.0186431799
  91.327652  0.0194197707
  91.3868637  0.0181982592
  91.4460831  0.0190358832
  91.5052948  0.0209953189
  91.5645142  0.0197717249
  91.6237259  0.0197941028
  91.6829453  0.0207961816
  91.742157  0.0204760656
  91.8013763  0.019578753
  91.8605957  0.0199541021
  91.9198074  0.0187562089
  91.9790268  0.0191011038
  92.0382385  0.0213750824
  92.0974579  0.0192316137
  92.1566696  0.0198270548
  92.215889  0.0192257874
  92.2751007  0.0186224226
  92.3343201  0.0202497374
  92.3935318  0.0188953672
  92.4527512  0.0176577382
  92.5119629  0.0179951116
  92.5711823  0.018466277
  92.630394  0.0194173027
  92.6896133  0.0193223059
  92.7488251  0.0202825703
  92.8080444  0.0183928683
  92.8672562  0.0197102372
  92.9264755  0.0205548164
  92.9856873  0.0204604156
  93.0449066  0.0189075079
  93.1041183  0.019275222
  93.1633377  0.0202045664
  93.2225494  0.0193423834
  93.2817688  0.0201725047
  93.3409805  0.0199605767
  93.4001999  0.019479122
  93.4594116  0.0205843244
  93.518631  0.0206026733
  93.5778503  0.0209046621
  93.6370621  0.0205695629
  93.6962814  0.0196174812
  93.7554932  0.0190399867
  93.8147125  0.0198828466
  93.8739243  0.020463746
  93.9331436  0.0203240812
  93.9923553  0.0194835309
  94.0515747  0.0179691371
  94.1107864  0.0133662475
  94.1700058  0.00666269846
  94.2292175  0.00145663333
  94.2884369  0.000108725209
  94.3476486  0.
  94.406868  0.
  94.4660797  0.
  94.5252991  0.
  94.5845108  0.
  94.6437302  0.
  94.7029419  0.
  94.7621613  0.
  94.821373  0.
  94.8805923  0.
     *       *   
  93.7729416  0.
  93.8317642  0.
  93.8905869  0.
  93.9494095  0.
  94.0082321  0.
  94.0670547  0.
  94.1258774  0.
  94.1847076  3.3406443E-06
  94.2435303  0.00014780616
  94.3023529  0.0016788214
  94.3611755  0.00673102494
  94.4199982  0.0139721548
  94.4788208  0.0183927882
  94.5376434  0.0200065356
  94.5964661  0.0204449128
  94.6552887  0.0180764794
  94.714119  0.0196160916
  94.7729416  0.0194062758
  94.8317642  0.0192015395
  94.8905869  0.0193202738
  94.9494095  0.0191138517
  95.0082321  0.0196778793
  95.0670547  0.0188983716
  95.1258774  0.0186079107
  95.1847076  0.0197678842
  95.2435303  0.0202104766
  95.3023529  0.0189799797
  95.3611755  0.0182329491
  95.4199982  0.0199224334
  95.4788208  0.0203164369
  95.5376434  0.0189107805
  95.5964661  0.0211207438
  95.6552887  0.0196477994
  95.714119  0.0188770667
  95.7729416  0.0201083086
  95.8317642  0.0184319783
  95.8905869  0.0188593082
  95.9494095  0.0200427175
  96.0082321  0.0177543294
  96.0670547  0.0204181746
  96.1258774  0.0210407525
  96.1847076  0.019810088
  96.2435303  0.0201189294
  96.3023529  0.0207652263
  96.3611755  0.0198950078
  96.4199982  0.0187649559
  96.4788208  0.0195967555
  96.5376434  0.0200931355
  96.5964661  0.0210187119
  96.6552887  0.0196285266
  96.714119  0.0200204793
  96.7729416  0.0194239747
  96.8317642  0.0192743335
  96.8905869  0.0197219625
  96.9494095  0.0190637466
  97.0082321  0.0196031313
  97.0670547  0.0178613551
  97.1258774  0.0187379885
  97.1847076  0.0202964898
  97.2435303  0.0187165905
  97.3023529  0.0186176747
  97.3611755  0.0147760883
  97.4199982  0.00678013824
  97.4788208  0.00136212085
  97.5376434  0.000114538139
  97.5964661  0.
  97.6552887  0.
  97.714119  0.
  97.7729416  0.
  97.8317642  0.
  97.8905869  0.
  97.9494095  0.
  98.0082321  0.
  98.0670547  0.
  98.1258774  0.
     *       *   
  97.0229416  0.
  97.0817642  0.
  97.1405869  0.
  97.1994095  0.
  97.2582321  0.
  97.3170547  0.
  97.3758774  0.
  97.4347076  0.
  97.4935303  2.32717975E-05
  97.5523529  0.00155440392
  97.6111755  0.00657726545
  97.6699982  0.0143315205
  97.7288208  0.0193721727
  97.7876434  0.0196255166
  97.8464661  0.0187013894
  97.9052887  0.0204714369
  97.964119  0.0205271207
  98.0229416  0.0196866654
  98.0817642  0.0192108564
  98.1405869  0.0185891502
  98.1994095  0.0196785647
  98.2582321  0.0202231519
  98.3170547  0.0186574664
  98.3758774  0.0204928257
  98.4347076  0.0190665796
  98.4935303  0.0176958442
  98.5523529  0.0185728259
  98.6111755  0.0191755518
  98.6699982  0.0204178747
  98.7288208  0.0195905473
  98.7876434  0.0193382874
  98.8464661  0.0194944628
  98.9052887  0.0193398781
  98.964119  0.0202456452
  99.0229416  0.0206110794
  99.0817642  0.0188556872
  99.1405869  0.0207166821
  99.1994095  0.0189400483
  99.2582321  0.0197224971
  99.3170547  0.0203340054
  99.3758774  0.0208528396
  99.4347076  0.0188571885
  99.4935303  0.0184638184
  99.5523529  0.0196934007
  99.6111755  0.0180095471
  99.6699982  0.0199223999
  99.7288208  0.0211521219
  99.7876434  0.019104898
  99.8464661  0.0202477556
  99.9052887  0.0213926248
  99.964119  0.0203831401
  100.022942  0.020036431
  100.081764  0.0199603047
  100.140587  0.0180662796
  100.199409  0.018980179
  100.258232  0.0186102726
  100.317055  0.0184476934
  100.375877  0.0195006207
  100.434708  0.0191151816
  100.49353  0.0205613449
  100.552353  0.0177365988
  100.611176  0.0141638983
  100.669998  0.00612862129
  100.728821  0.000772679574
  100.787643  0.
  100.846466  0.
  100.905289  0.
  100.964119  0.
  101.022942  0.
  101.081764  0.
  101.140587  0.
  101.199409  0.
  101.258232  0.
  101.317055  0.
  101.375877  0.
     *       *   
  100.262947  0.
  100.32177  0.
  100.380592  0.
  100.439415  0.
  100.498238  0.
  100.55706  0.
  100.615883  0.
  100.674713  0.
  100.733536  3.62758656E-05
  100.792358  0.000649505411
  100.851181  0.0053631058
  100.910004  0.0136504509
  100.968826  0.0180267934
  101.027649  0.0200394709
  101.086472  0.018983921
  101.145294  0.0202494655
  101.204124  0.019147018
  101.262947  0.0200348012
  101.32177  0.0186769832
  101.380592  0.0185300764
  101.439415  0.0196247417
  101.498238  0.0200829022
  101.55706  0.0201319996
  101.615883  0.019879913
  101.674713  0.0177601241
  101.733536  0.0209258832
  101.792358  0.019904606
  101.851181  0.0208869707
  101.910004  0.0179418456
  101.968826  0.0206241868
  102.027649  0.0202172343
  102.086472  0.0205710288
  102.145294  0.0198508203
  102.204124  0.0195977036
  102.262947  0.0194120146
  102.32177  0.019894883
  102.380592  0.0204612929
  102.439415  0.0187187698
  102.498238  0.0198351555
  102.55706  0.0183145925
  102.615883  0.0191244762
  102.674713  0.0207841955
  102.733536  0.0192292612
  102.792358  0.0189918391
  102.851181  0.0205790736
  102.910004  0.0193493124
  102.968826  0.0198716167
  103.027649  0.0195582397
  103.086472  0.020437764
  103.145294  0.0195347667
  103.204124  0.019956205
  103.262947  0.020977905
  103.32177  0.0198045913
  103.380592  0.0183249153
  103.439415  0.0193119179
  103.498238  0.0203764308
  103.55706  0.0212697759
  103.615883  0.0198824015
  103.674713  0.0183866937
  103.733536  0.0184361786
  103.792358  0.0194466114
  103.851181  0.0137545997
  103.910004  0.00422295881
  103.968826  0.000363615545
  104.027649  0.
  104.086472  0.
  104.145294  0.
  104.204124  0.
  104.262947  0.
  104.32177  0.
  104.380592  0.
  104.439415  0.
  104.498238  0.
  104.55706  0.
  104.615883  0.
     *       *   
  103.507256  0.
  103.565689  0.
  103.624115  0.
  103.682549  0.
  103.740982  0.
  103.799408  0.
  103.857841  0.
  103.916275  0.
  103.974709  2.53066464E-05
  104.033134  0.000797306246
  104.091568  0.00620506564
  104.150002  0.0147325005
  104.208427  0.0193761308
  104.266861  0.0185923893
  104.325294  0.0182258841
  104.383728  0.0191273615
  104.442154  0.0195270274
  104.500587  0.0225109197
  104.559021  0.0219743345
  104.617447  0.017801825
  104.67588  0.0189909283
  104.734314  0.0201180875
  104.792747  0.0183527377
  104.851173  0.0199056286
  104.909607  0.0191443563
  104.96804  0.0174301416
  105.026466  0.0196914598
  105.0849  0.0203315206
  105.143333  0.0204641782
  105.201767  0.0203168429
  105.260193  0.0193119626
  105.318626  0.0180589743
  105.37706  0.0201368909
  105.435486  0.0197076313
  105.493919  0.0190085303
  105.552353  0.0193899386
  105.610786  0.0198598914
  105.669212  0.0203812178
  105.727646  0.0188153498
  105.786079  0.01928363
  105.844513  0.0204730015
  105.902939  0.0184954088
  105.961372  0.0202935748
  106.019806  0.0195121374
  106.078232  0.0189739484
  106.136665  0.0194387753
  106.195099  0.0193605125
  106.253532  0.0189671051
  106.311958  0.0197803006
  106.370392  0.0191707574
  106.428825  0.0194080137
  106.487251  0.0198316723
  106.545685  0.0203096662
  106.604118  0.0193489641
  106.662552  0.0214855373
  106.720978  0.0201149043
  106.779411  0.0199496653
  106.837845  0.0190833081
  106.896271  0.0187584404
  106.954704  0.0195206981
  107.013138  0.0206698328
  107.071571  0.0139761753
  107.129997  0.00517002773
  107.188431  0.000311515731
  107.246864  0.
  107.30529  0.
  107.363724  0.
  107.422157  0.
  107.480591  0.
  107.539017  0.
  107.59745  0.
  107.655884  0.
  107.71431  0.
  107.772743  0.
  107.831177  0.
     *       *   
  106.737259  0.
  106.795692  0.
  106.854118  0.
  106.912552  0.
  106.970985  0.
  107.029411  0.
  107.087845  0.
  107.146278  0.
  107.204712  6.49169942E-06
  107.263138  0.000689826207
  107.321571  0.00613789121
  107.380005  0.0154119367
  107.438431  0.0184253063
  107.496864  0.019703079
  107.555298  0.0185706671
  107.613731  0.020566795
  107.672157  0.0184779167
  107.730591  0.0197518524
  107.789024  0.0200559478
  107.84745  0.0198885091
  107.905884  0.0206185486
  107.964317  0.0193571914
  108.022751  0.0193207487
  108.081177  0.0190670565
  108.13961  0.0196996629
  108.198044  0.0201597568
  108.25647  0.0193715766
  108.314903  0.0180179644
  108.373337  0.021048598
  108.43177  0.020980753
  108.490196  0.0188230779
  108.54863  0.0206134729
  108.607063  0.0193601083
  108.665489  0.0185368471
  108.723923  0.0195201989
  108.782356  0.0188438501
  108.84079  0.0201806687
  108.899216  0.0188554395
  108.957649  0.0194535498
  109.016083  0.0194148123
  109.074516  0.0200200807
  109.132942  0.0189431701
  109.191376  0.0179778691
  109.249809  0.0204569586
  109.308235  0.0198886711
  109.366669  0.0218817107
  109.425102  0.0195670221
  109.483536  0.0181693621
  109.541962  0.0188027453
  109.600395  0.0195021983
  109.658829  0.0200409573
  109.717255  0.0188841484
  109.775688  0.0205376707
  109.834122  0.0202482883
  109.892555  0.0200734008
  109.950981  0.0183612313
  110.009415  0.0192840435
  110.067848  0.0196610019
  110.126274  0.0182148106
  110.184708  0.0211040396
  110.243141  0.0192504264
  110.301575  0.0153592099
  110.360001  0.00445302343
  110.418434  0.000387863198
  110.476868  0.
  110.535294  0.
  110.593727  0.
  110.652161  0.
  110.710594  0.
  110.76902  0.
  110.827454  0.
  110.885887  0.
  110.944313  0.
  111.002747  0.
  111.06118  0.
     *       *   
  109.957253  0.
  110.015686  0.
  110.074112  0.
  110.132545  0.
  110.190979  0.
  110.249405  0.
  110.307838  0.
  110.366272  0.
  110.424706  0.
  110.483131  0.000329435774
  110.541565  0.0043817251
  110.599998  0.0153675657
  110.658424  0.0199915804
  110.716858  0.0193418581
  110.775291  0.0180546381
  110.833725  0.0194438677
  110.892151  0.0184319858
  110.950584  0.0213013161
  111.009018  0.0198816285
  111.067444  0.0192856826
  111.125877  0.0200127456
  111.184311  0.0205889698
  111.242744  0.0197808221
  111.30117  0.0190129057
  111.359604  0.0203334223
  111.418037  0.0191851053
  111.476463  0.0189828482
  111.534897  0.0180480648
  111.59333  0.0198273417
  111.651764  0.0198671464
  111.71019  0.0196253732
  111.768623  0.0205979794
  111.827057  0.0210516695
  111.885483  0.0200195443
  111.943916  0.0196600165
  112.00235  0.0189862158
  112.060783  0.0198395383
  112.119209  0.019585615
  112.177643  0.0196129438
  112.236076  0.0192044061
  112.29451  0.019478986
  112.352936  0.0190573316
  112.411369  0.0182873067
  112.469803  0.0200147703
  112.528229  0.0183118321
  112.586662  0.0193635747
  112.645096  0.0184548926
  112.703529  0.0205907654
  112.761955  0.0197183695
  112.820389  0.0210289136
  112.878822  0.0204498451
  112.937248  0.0203985851
  112.995682  0.0190170407
  113.054115  0.0185159594
  113.112549  0.0193383433
  113.170975  0.0199841261
  113.229408  0.0189830959
  113.287842  0.0184441302
  113.346268  0.0190071594
  113.404701  0.0193699878
  113.463135  0.0189384017
  113.521568  0.0174886398
  113.579994  0.00585432071
  113.638428  0.000269767741
  113.696861  0.
  113.755287  0.
  113.813721  0.
  113.872154  0.
  113.930588  0.
  113.989014  0.
  114.047447  0.
  114.105881  0.
  114.164307  0.
  114.22274  0.
  114.281174  0.
     *       *   
  113.187256  0.
  113.245689  0.
  113.304115  0.
  113.362549  0.
  113.420982  0.
  113.479408  0.
  113.537842  0.
  113.596275  0.
  113.654709  1.59508036E-05
  113.713135  0.000286109629
  113.771568  0.00517867878
  113.830002  0.0170283094
  113.888428  0.0180139057
  113.946861  0.0200930648
  114.005295  0.0169569887
  114.063728  0.0196762774
  114.122154  0.0215090923
  114.180588  0.0194570236
  114.239021  0.0189508758
  114.297447  0.0195603147
  114.355881  0.0195172783
  114.414314  0.0192225054
  114.472748  0.0210836865
  114.531174  0.0195726398
  114.589607  0.0186277032
  114.648041  0.0207327064
  114.706467  0.0199501794
  114.7649  0.0200152937
  114.823334  0.0190241411
  114.881767  0.020303471
  114.940193  0.0208918341
  114.998627  0.0185142141
  115.05706  0.0199580733
  115.115486  0.0195034407
  115.17392  0.0192619283
  115.232353  0.0191967003
  115.290787  0.0202154275
  115.349213  0.0181327015
  115.407646  0.0194539018
  115.46608  0.0196177736
  115.524513  0.0197674539
  115.582939  0.0200164672
  115.641373  0.0192393474
  115.699806  0.0195162445
  115.758232  0.0182605032
  115.816666  0.0193640981
  115.875099  0.0204472803
  115.933533  0.0199607499
  115.991959  0.0200575236
  116.050392  0.0200013835
  116.108826  0.0209109467
  116.167252  0.0197525769
  116.225685  0.0200905669
  116.284119  0.0188136753
  116.342552  0.0193930268
  116.400978  0.0190442577
  116.459412  0.0202872977
  116.517845  0.0198709816
  116.576271  0.019587215
  116.634705  0.0182754714
  116.693138  0.0192579478
  116.751572  0.0150170047
  116.809998  0.00347439782
  116.868431  7.14972775E-05
  116.926865  0.
  116.985291  0.
  117.043724  0.
  117.102158  0.
  117.160591  0.
  117.219017  0.
  117.277451  0.
  117.335884  0.
  117.39431  0.
  117.452744  0.
  117.511177  0.
     *       *   
  116.407257  0.
  116.465691  0.
  116.524117  0.
  116.58255  0.
  116.640984  0.
  116.699409  0.
  116.757843  0.
  116.816277  0.
  116.87471  0.
  116.933136  5.01716277E-05
  116.99157  0.00449437229
  117.050003  0.0149952685
  117.108429  0.018855093
  117.166862  0.0201558806
  117.225296  0.0211630873
  117.28373  0.0191219244
  117.342155  0.0188194122
  117.400589  0.0198261552
  117.459023  0.0201717056
  117.517448  0.0191805214
  117.575882  0.0188953057
  117.634315  0.0195501652
  117.692749  0.0197293162
  117.751175  0.0191968437
  117.809608  0.0212623011
  117.868042  0.0186431874
  117.926468  0.0192945693
  117.984901  0.0201217588
  118.043335  0.0188198946
  118.101768  0.0186011735
  118.160194  0.0204384532
  118.218628  0.0181560759
  118.277061  0.0204093885
  118.335487  0.018809801
  118.393921  0.0188031979
  118.452354  0.0204212293
  118.510788  0.0195167288
  118.569214  0.0196810011
  118.627647  0.0191323608
  118.686081  0.0200706981
  118.744514  0.020461116
  118.80294  0.0193339717
  118.861374  0.0205384828
  118.919807  0.0213023666
  118.978233  0.0205787681
  119.036667  0.019044796
  119.0951  0.0187405068
  119.153534  0.0186522305
  119.21196  0.0189064071
  119.270393  0.0194145851
  119.328827  0.0193515494
  119.387253  0.0202676356
  119.445686  0.0193620343
  119.50412  0.0187442657
  119.562553  0.0189463366
  119.620979  0.020650886
  119.679413  0.0201381799
  119.737846  0.0209111758
  119.796272  0.0187912062
  119.854706  0.0193615407
  119.913139  0.019692257
  119.971573  0.0157441627
  120.029999  0.00453635631
  120.088432  0.000141926357
  120.146866  0.
  120.205292  0.
  120.263725  0.
  120.322159  0.
  120.380592  0.
  120.439018  0.
  120.497452  0.
  120.555885  0.
  120.614311  0.
  120.672745  0.
  120.731178  0.
     *       *   
  119.637253  0.
  119.695686  0.
  119.754112  0.
  119.812546  0.
  119.870979  0.
  119.929405  0.
  119.987839  0.
  120.046272  0.
  120.104706  0.
  120.163132  0.000108099433
  120.221565  0.00495673437
  120.279999  0.0168741327
  120.338425  0.0188878831
  120.396858  0.0179509651
  120.455292  0.0204349477
  120.513725  0.0193853192
  120.572151  0.0185570251
  120.630585  0.0197479483
  120.689018  0.0190698225
  120.747444  0.0198727101
  120.805878  0.0191699788
  120.864311  0.0178563315
  120.922745  0.02137894
  120.981171  0.0194720067
  121.039604  0.0196737852
  121.098038  0.0183719993
  121.156464  0.0187295843
  121.214897  0.0204952825
  121.273331  0.0199669246
  121.331764  0.0189812593
  121.39019  0.0194773562
  121.448624  0.0177842136
  121.507057  0.0185395442
  121.565483  0.0205785073
  121.623917  0.019253334
  121.68235  0.0193854645
  121.740784  0.0194311757
  121.79921  0.0193918776
  121.857643  0.0201102644
  121.916077  0.0211036727
  121.97451  0.0204761811
  122.032936  0.0200638995
  122.09137  0.0184410792
  122.149803  0.0197484288
  122.208229  0.0205310564
  122.266663  0.0225093961
  122.325096  0.0199482683
  122.38353  0.0184095148
  122.441956  0.0210289154
  122.500389  0.0202318374
  122.558823  0.0194021761
  122.617249  0.0179764591
  122.675682  0.0210653618
  122.734116  0.0203348566
  122.792549  0.0204987247
  122.850975  0.0191745106
  122.909409  0.0182951465
  122.967842  0.0195617862
  123.026268  0.0190885663
  123.084702  0.0184324626
  123.143135  0.0202828739
  123.201569  0.0160488337
  123.259995  0.00320148631
  123.318428  0.000251328922
  123.376862  0.
  123.435287  0.
  123.493721  0.
  123.552155  0.
  123.610588  0.
  123.669014  0.
  123.727448  0.
  123.785881  0.
  123.844307  0.
  123.90274  0.
  123.961174  0.
     *       *   
  122.857254  0.
  122.915688  0.
  122.974113  0.
  123.032547  0.
  123.090981  0.
  123.149406  0.
  123.20784  0.
  123.266273  0.
  123.324707  0.
  123.383133  7.69866747E-05
  123.441566  0.00399630517
  123.5  0.0168652833
  123.558426  0.0184275508
  123.616859  0.0190474037
  123.675293  0.0183239467
  123.733727  0.0197204649
  123.792152  0.0188715607
  123.850586  0.0204079673
  123.909019  0.0198309887
  123.967445  0.0175120886
  124.025879  0.0200958773
  124.084312  0.0206452925
  124.142746  0.019226063
  124.201172  0.0193375126
  124.259605  0.0204492994
  124.318039  0.0181768313
  124.376465  0.0187139716
  124.434898  0.0209220685
  124.493332  0.0209074989
  124.551765  0.0190947708
  124.610191  0.0206174199
  124.668625  0.0190297049
  124.727058  0.0189049579
  124.785484  0.0188685358
  124.843918  0.0190459229
  124.902351  0.0202573668
  124.960785  0.0192517843
  125.019211  0.0181951225
  125.077644  0.0194676649
  125.136078  0.0205724332
  125.194511  0.0209789183
  125.252937  0.0213745311
  125.311371  0.0200198591
  125.369804  0.0192028005
  125.42823  0.0182821546
  125.486664  0.0196758825
  125.545097  0.0186316855
  125.603531  0.0206262376
  125.661957  0.0190525725
  125.72039  0.0194517747
  125.778824  0.020831041
  125.83725  0.019656036
  125.895683  0.0197401028
  125.954117  0.0202871524
  126.01255  0.019396266
  126.070976  0.0197586268
  126.12941  0.0188875981
  126.187843  0.0195919592
  126.246269  0.0199527629
  126.304703  0.0187439714
  126.363136  0.0198243968
  126.42157  0.0167770647
  126.479996  0.00429634191
  126.538429  9.96976814E-05
  126.596863  0.
  126.655289  0.
  126.713722  0.
  126.772156  0.
  126.830589  0.
  126.889015  0.
  126.947449  0.
  127.005882  0.
  127.064308  0.
  127.122742  0.
  127.181175  0.
     *       *   
  126.087257  0.
  126.145691  0.
  126.204117  0.
  126.26255  0.
  126.320984  0.
  126.37941  0.
  126.437843  0.
  126.496277  0.
  126.55471  0.
  126.613136  4.35797483E-05
  126.67157  0.00420149136
  126.730003  0.0165531989
  126.788429  0.0191972721
  126.846863  0.0195787083
  126.905296  0.0189391803
  126.96373  0.0198793765
  127.022156  0.0186641421
  127.080589  0.0189804137
  127.139023  0.0191640817
  127.197449  0.0199500415
  127.255882  0.0188062955
  127.314316  0.0205586907
  127.372749  0.01878516
  127.431175  0.0184776038
  127.489609  0.0193138532
  127.548042  0.0202878304
  127.606468  0.020168012
  127.664902  0.0198240466
  127.723335  0.0189717039
  127.781769  0.0204082485
  127.840195  0.0192116834
  127.898628  0.0198403448
  127.957062  0.0203912184
  128.015488  0.0190487038
  128.073929  0.0196716283
  128.132355  0.0192071367
  128.190781  0.0194352455
  128.249222  0.0190415997
  128.307648  0.0195946377
  128.366074  0.0193582643
  128.424515  0.0196097959
  128.482941  0.0205899421
  128.541367  0.0208175778
  128.599808  0.0193852
  128.658234  0.0197342057
  128.716675  0.0199758336
  128.775101  0.0189261902
  128.833527  0.019857008
  128.891968  0.0189175438
  128.950394  0.0203764047
  129.00882  0.0198306218
  129.067261  0.0189820174
  129.125687  0.0201845057
  129.184113  0.0192427617
  129.242554  0.0197168887
  129.30098  0.0196706727
  129.359406  0.0178613067
  129.417847  0.0191321336
  129.476273  0.0195606966
  129.534714  0.019674059
  129.59314  0.0212755855
  129.651566  0.0174641758
  129.710007  0.00364986062
  129.768433  1.16708961E-05
  129.826859  0.
  129.8853  0.
  129.943726  0.
  130.002151  0.
  130.060593  0.
  130.119019  0.
  130.17746  0.
  130.235886  0.
  130.294312  0.
  130.352753  0.
  130.411179  0.
     *       *   
  129.317245  0.
  129.375687  0.
  129.434113  0.
  129.492538  0.
  129.55098  0.
  129.609406  0.
  129.667847  0.
  129.726273  0.
  129.784698  0.
  129.84314  3.18696875E-05
  129.901566  0.00388093083
  129.959991  0.0166211873
  130.018433  0.0204716846
  130.076859  0.0194026493
  130.135284  0.0205286574
  130.193726  0.0201852936
  130.252151  0.0187952723
  130.310593  0.0190506727
  130.369019  0.0187218282
  130.427444  0.0188106224
  130.485886  0.0190121792
  130.544312  0.0201778747
  130.602737  0.0186166987
  130.661179  0.0192962866
  130.719604  0.0204698611
  130.77803  0.0184265263
  130.836472  0.0195649806
  130.894897  0.0192250255
  130.953323  0.0187926516
  131.011765  0.0205660015
  131.07019  0.0201937072
  131.128632  0.0205485132
  131.187057  0.0199185032
  131.245483  0.0186949074
  131.303925  0.0196643695
  131.36235  0.0216303356
  131.420776  0.0186254643
  131.479218  0.0200692043
  131.537643  0.0192950685
  131.596069  0.0190248694
  131.65451  0.0197881032
  131.712936  0.0215461887
  131.771362  0.0190864578
  131.829803  0.0178364571
  131.888229  0.0199093539
  131.946671  0.0200903341
  132.005096  0.0180345085
  132.063522  0.0189848226
  132.121964  0.0196630079
  132.180389  0.0179487988
  132.238815  0.0195868649
  132.297256  0.0200735964
  132.355682  0.0210205596
  132.414108  0.0191548783
  132.472549  0.02054625
  132.530975  0.0190524217
  132.589401  0.0195795987
  132.647842  0.0193940625
  132.706268  0.0199369602
  132.764709  0.0204260554
  132.823135  0.0192199461
  132.881561  0.0176469516
  132.940002  0.00316007179
  132.998428  0.
  133.056854  0.
  133.115295  0.
  133.173721  0.
  133.232147  0.
  133.290588  0.
  133.349014  0.
  133.407455  0.
  133.465881  0.
  133.524307  0.
  133.582748  0.
  133.641174  0.
     *       *   
  132.547241  0.
  132.605682  0.
  132.664108  0.
  132.722534  0.
  132.780975  0.
  132.839401  0.
  132.897842  0.
  132.956268  0.
  133.014694  0.
  133.073135  0.
  133.131561  0.00477337465
  133.189987  0.0173748005
  133.248428  0.0205558222
  133.306854  0.0198259577
  133.36528  0.0207358245
  133.423721  0.0190021154
  133.482147  0.0193528961
  133.540588  0.0193022583
  133.599014  0.0202099867
  133.65744  0.0204599593
  133.715881  0.0196362752
  133.774307  0.0192115661
  133.832733  0.0190333501
  133.891174  0.0191443302
  133.9496  0.0194134787
  134.008026  0.0190518405
  134.066467  0.0189602561
  134.124893  0.0195834767
  134.183319  0.0185389314
  134.24176  0.0208097063
  134.300186  0.0194813516
  134.358627  0.0199258383
  134.417053  0.0191908199
  134.475479  0.0201000106
  134.53392  0.0206087213
  134.592346  0.020654384
  134.650772  0.0204430986
  134.709213  0.0190325473
  134.767639  0.0196374226
  134.826065  0.0190198533
  134.884506  0.0187650025
  134.942932  0.0187149923
  135.001358  0.0190623701
  135.059799  0.0200695805
  135.118225  0.0177401397
  135.176666  0.0196176916
  135.235092  0.0208737217
  135.293518  0.0205233172
  135.351959  0.0181708392
  135.410385  0.0184643064
  135.468811  0.0201457459
  135.527252  0.0198305659
  135.585678  0.0191036686
  135.644104  0.0190785378
  135.702545  0.021231167
  135.760971  0.0191122834
  135.819397  0.0182819683
  135.877838  0.019720247
  135.936264  0.0192400161
  135.994705  0.0203041751
  136.053131  0.0200620722
  136.111557  0.0158114955
  136.169998  0.00296633272
  136.228424  3.96935284E-05
  136.28685  0.
  136.345291  0.
  136.403717  0.
  136.462143  0.
  136.520584  0.
  136.57901  0.
  136.637451  0.
  136.695877  0.
  136.754303  0.
  136.812744  0.
  136.87117  0.
     *       *   
  135.777252  0.
  135.835693  0.
  135.894119  0.
  135.952545  0.
  136.010986  0.
  136.069412  0.
  136.127853  0.
  136.186279  0.
  136.244705  0.
  136.303146  0.
  136.361572  0.00368654192
  136.419998  0.0188306775
  136.478439  0.0195801854
  136.536865  0.0203939024
  136.595291  0.020626042
  136.653732  0.0206485651
  136.712158  0.0180763956
  136.770599  0.0202601738
  136.829025  0.0193536989
  136.887451  0.0189730711
  136.945892  0.02026687
  137.004318  0.0189285353
  137.062744  0.0190694891
  137.121185  0.0200941656
  137.179611  0.0193962008
  137.238037  0.0203041062
  137.296478  0.0198222231
  137.354904  0.0208980553
  137.41333  0.0202499088
  137.471771  0.0196474418
  137.530197  0.0198242925
  137.588638  0.0192748941
  137.647064  0.0182892997
  137.70549  0.0195881501
  137.763931  0.0187313389
  137.822357  0.0194945913
  137.880783  0.0191884544
  137.939224  0.020327745
  137.99765  0.0199330933
  138.056076  0.019584937
  138.114517  0.019140549
  138.172943  0.0192884505
  138.231369  0.0195565149
  138.28981  0.0183650218
  138.348236  0.0209182147
  138.406677  0.0193489753
  138.465103  0.0181667358
  138.523529  0.0185119268
  138.58197  0.0200871713
  138.640396  0.0203333385
  138.698822  0.0186463948
  138.757263  0.0211429968
  138.815689  0.020575488
  138.874115  0.0186845418
  138.932556  0.019907102
  138.990982  0.0194603875
  139.049408  0.0198072568
  139.107849  0.0190652218
  139.166275  0.0174630284
  139.224716  0.0195227154
  139.283142  0.0193105154
  139.341568  0.0159421489
  139.400009  0.00339873997
  139.458435  1.34815828E-05
  139.516861  0.
  139.575302  0.
  139.633728  0.
  139.692154  0.
  139.750595  0.
  139.809021  0.
  139.867462  0.
  139.925888  0.
  139.984314  0.
  140.042755  0.
  140.101181  0.
     *       *   
  138.992935  0.
  139.051758  0.
  139.11058  0.
  139.169418  0.
  139.228241  0.
  139.287064  0.
  139.345886  0.
  139.404709  0.
  139.463531  0.
  139.522354  6.73749528E-05
  139.581177  0.00257119793
  139.639999  0.0164613612
  139.698822  0.0198511668
  139.757645  0.0210937746
  139.816467  0.0184444189
  139.87529  0.0195363574
  139.934113  0.0187439788
  139.992935  0.0185921453
  140.051758  0.01964055
  140.11058  0.0211107694
  140.169418  0.0203600209
  140.228241  0.0185636859
  140.287064  0.0195020474
  140.345886  0.0202173553
  140.404709  0.0204519872
  140.463531  0.0181649569
  140.522354  0.020578308
  140.581177  0.0200529639
  140.639999  0.0198228601
  140.698822  0.0201283768
  140.757645  0.0188158415
  140.816467  0.0185935348
  140.87529  0.0202603154
  140.934113  0.019475976
  140.992935  0.0188442171
  141.051758  0.0188415274
  141.11058  0.0203509685
  141.169418  0.0180641003
  141.228241  0.0198300518
  141.287064  0.0189726166
  141.345886  0.0198400971
  141.404709  0.0194452237
  141.463531  0.0204504784
  141.522354  0.0208977293
  141.581177  0.0201216396
  141.639999  0.019310154
  141.698822  0.0210865345
  141.757645  0.0209695641
  141.816467  0.0189226065
  141.87529  0.0185467619
  141.934113  0.0198559016
  141.992935  0.0196323656
  142.051758  0.0197169036
  142.11058  0.0199242663
  142.169418  0.0197829586
  142.228241  0.0190603733
  142.287064  0.0196832139
  142.345886  0.0193351582
  142.404709  0.0195749681
  142.463531  0.0198667888
  142.522354  0.0202014837
  142.581177  0.015651565
  142.639999  0.0021183386
  142.698822  0.
  142.757645  0.
  142.816467  0.
  142.87529  0.
  142.934113  0.
  142.992935  0.
  143.051758  0.
  143.11058  0.
  143.169418  0.
  143.228241  0.
  143.287064  0.
  143.345886  0.
     *       *   
  142.222931  0.
  142.281754  0.
  142.340576  0.
  142.399414  0.
  142.458237  0.
  142.517059  0.
  142.575882  0.
  142.634705  0.
  142.693527  0.
  142.75235  0.
  142.811172  0.00222359924
  142.869995  0.0158958714
  142.928818  0.0188513882
  142.98764  0.0213643499
  143.046463  0.0193891376
  143.105286  0.0195852146
  143.164108  0.0199750531
  143.222931  0.0181544274
  143.281754  0.0201972667
  143.340576  0.0213927347
  143.399414  0.0198750384
  143.458237  0.0205072053
  143.517059  0.019378189
  143.575882  0.0204941109
  143.634705  0.0187406354
  143.693527  0.0204674508
  143.75235  0.0208457392
  143.811172  0.0194400996
  143.869995  0.0197411906
  143.928818  0.0190857556
  143.98764  0.0196858998
  144.046463  0.0191553216
  144.105286  0.01986943
  144.164108  0.019702293
  144.222931  0.0206995979
  144.281754  0.0192551538
  144.340576  0.0192544255
  144.399414  0.0192027483
  144.458237  0.0207200777
  144.517059  0.0205248408
  144.575882  0.019334536
  144.634705  0.0199489482
  144.693527  0.0200793166
  144.75235  0.0196387973
  144.811172  0.0187531766
  144.869995  0.0199747644
  144.928818  0.0203160793
  144.98764  0.0197929814
  145.046463  0.0201567579
  145.105286  0.0197682921
  145.164108  0.0188836604
  145.222931  0.0203099735
  145.281754  0.0185621642
  145.340576  0.0182309076
  145.399414  0.0174151082
  145.458237  0.0188028645
  145.517059  0.0184278246
  145.575882  0.019242879
  145.634705  0.0201667622
  145.693527  0.0199762024
  145.75235  0.0197311714
  145.811172  0.0157860462
  145.869995  0.00302647171
  145.928818  0.
  145.98764  0.
  146.046463  0.
  146.105286  0.
  146.164108  0.
  146.222931  0.
  146.281754  0.
  146.340576  0.
  146.399414  0.
  146.458237  0.
  146.517059  0.
  146.575882  0.
     *       *   
  145.462936  0.
  145.521759  0.
  145.580582  0.
  145.63942  0.
  145.698242  0.
  145.757065  0.
  145.815887  0.
  145.87471  0.
  145.933533  0.
  145.992355  0.
  146.051178  0.00290102488
  146.110001  0.0158588104
  146.168823  0.0188582577
  146.227646  0.0191977154
  146.286469  0.0197161157
  146.345291  0.0176395439
  146.404114  0.0192244612
  146.462936  0.0198060982
  146.521759  0.0186394993
  146.580582  0.0190717764
  146.63942  0.0200890452
  146.698242  0.0185180213
  146.757065  0.0181735829
  146.815887  0.0194673296
  146.87471  0.0212943759
  146.933533  0.0199660696
  146.992355  0.0204916187
  147.051178  0.0182375833
  147.110001  0.0179100186
  147.168823  0.0187425464
  147.227646  0.0187006965
  147.286469  0.0203111861
  147.345291  0.0202692747
  147.404114  0.0186790042
  147.462936  0.0200517382
  147.521759  0.0186520722
  147.580582  0.0200571753
  147.63942  0.0209270138
  147.698242  0.0194561034
  147.757065  0.0198337957
  147.815887  0.0196817331
  147.87471  0.0193537474
  147.933533  0.0198426042
  147.992355  0.0189411137
  148.051178  0.0196633209
  148.110001  0.0186362769
  148.168823  0.02010509
  148.227646  0.0190903135
  148.286469  0.0195985604
  148.345291  0.0191445984
  148.404114  0.0198252201
  148.462936  0.021426253
  148.521759  0.0194506869
  148.580582  0.0206482951
  148.63942  0.0205502007
  148.698242  0.0195106864
  148.757065  0.0202890374
  148.815887  0.0213763043
  148.87471  0.0195235983
  148.933533  0.0196861625
  148.992355  0.0201414861
  149.051178  0.0196060874
  149.110001  0.00316705462
  149.168823  0.
  149.227646  0.
  149.286469  0.
  149.345291  0.
  149.404114  0.
  149.462936  0.
  149.521759  0.
  149.580582  0.
  149.63942  0.
  149.698242  0.
  149.757065  0.
  149.815887  0.
     *       *   
  148.712936  0.
  148.771759  0.
  148.830582  0.
  148.88942  0.
  148.948242  0.
  149.007065  0.
  149.065887  0.
  149.12471  0.
  149.183533  0.
  149.242355  0.
  149.301178  0.00383312046
  149.360001  0.0177936591
  149.418823  0.0192986205
  149.477646  0.0182432961
  149.536469  0.0188228749
  149.595291  0.018019408
  149.654114  0.0197304431
  149.712936  0.0208417121
  149.771759  0.0192507952
  149.830582  0.0185505245
  149.88942  0.0198511947
  149.948242  0.0186756868
  150.007065  0.0196084566
  150.065887  0.0195855424
  150.12471  0.0200768448
  150.183533  0.0203091558
  150.242355  0.020330742
  150.301178  0.0210797247
  150.360001  0.0178997591
  150.418823  0.0172618274
  150.477646  0.0197816901
  150.536469  0.0193020217
  150.595291  0.0205419026
  150.654114  0.0200620573
  150.712936  0.0213152803
  150.771759  0.0194619671
  150.830582  0.0198562574
  150.88942  0.0202771779
  150.948242  0.0196890272
  151.007065  0.0189814959
  151.065887  0.0194523465
  151.12471  0.0187595412
  151.183533  0.0198611338
  151.242355  0.0196600705
  151.301178  0.0191304404
  151.360001  0.0188028682
  151.418823  0.0195177719
  151.477646  0.0212088712
  151.536469  0.02027856
  151.595291  0.0212294925
  151.654114  0.0200284887
  151.712936  0.0189415719
  151.771759  0.0179805178
  151.830582  0.0197226238
  151.88942  0.0187013168
  151.948242  0.0186909195
  152.007065  0.0193352029
  152.065887  0.0206355881
  152.12471  0.0199194662
  152.183533  0.0195304137
  152.242355  0.0201597121
  152.301178  0.0175573025
  152.360001  0.00256345002
  152.418823  0.
  152.477646  0.
  152.536469  0.
  152.595291  0.
  152.654114  0.
  152.712936  0.
  152.771759  0.
  152.830582  0.
  152.88942  0.
  152.948242  0.
  153.007065  0.
  153.065887  0.
     *       *   
  151.948624  0.
  152.007843  0.
  152.067062  0.
  152.126282  0.
  152.185486  0.
  152.244705  0.
  152.303925  0.
  152.363144  0.
  152.422348  0.
  152.481567  0.
  152.540787  0.00243266509
  152.600006  0.0166704636
  152.65921  0.0188036989
  152.71843  0.0210546106
  152.777649  0.0206754711
  152.836868  0.0193711314
  152.896072  0.0202149171
  152.955292  0.0213965755
  153.014511  0.0195372552
  153.07373  0.0186780617
  153.132935  0.0199331641
  153.192154  0.0203239843
  153.251373  0.0202430114
  153.310593  0.0189222433
  153.369812  0.0196045842
  153.429016  0.0186189078
  153.488235  0.0182860605
  153.547455  0.019766653
  153.606674  0.018448377
  153.665878  0.0199108385
  153.725098  0.0197207574
  153.784317  0.0206729863
  153.843536  0.0196633004
  153.90274  0.0201754663
  153.96196  0.0204526819
  154.021179  0.0199377183
  154.080399  0.0183250085
  154.139603  0.0200208016
  154.198822  0.0185360722
  154.258041  0.0191273075
  154.317261  0.020171728
  154.376465  0.0189237911
  154.435684  0.0189852212
  154.494904  0.0195435267
  154.554123  0.0204837304
  154.613327  0.0202408247
  154.672546  0.0194714516
  154.731766  0.0196387433
  154.790985  0.0185062978
  154.850189  0.0213389732
  154.909409  0.0187423546
  154.968628  0.0184669476
  155.027847  0.0186235961
  155.087067  0.0203188192
  155.146271  0.0201986544
  155.20549  0.0191618726
  155.264709  0.0203203037
  155.323929  0.0208705291
  155.383133  0.0196355116
  155.442352  0.0195212159
  155.501572  0.0194805879
  155.560791  0.0158211924
  155.619995  0.0020091862
  155.679214  0.
  155.738434  0.
  155.797653  0.
  155.856857  0.
  155.916077  0.
  155.975296  0.
  156.034515  0.
  156.093719  0.
  156.152939  0.
  156.212158  0.
  156.271378  0.
  156.330582  0.
     *       *   
  155.198624  0.
  155.257843  0.
  155.317062  0.
  155.376282  0.
  155.435486  0.
  155.494705  0.
  155.553925  0.
  155.613144  0.
  155.672348  0.
  155.731567  0.
  155.790787  0.00168384227
  155.850006  0.0162378512
  155.90921  0.0189767946
  155.96843  0.0209151264
  156.027649  0.0189998168
  156.086868  0.018620722
  156.146072  0.0210227221
  156.205292  0.0192923006
  156.264511  0.0197924376
  156.32373  0.0196261667
  156.382935  0.0201985501
  156.442154  0.019275371
  156.501373  0.0181720778
  156.560593  0.0210495293
  156.619812  0.0188238099
  156.679016  0.0203367546
  156.738235  0.0197767541
  156.797455  0.0190758444
  156.856674  0.0200612135
  156.915878  0.0198570937
  156.975098  0.0186177883
  157.034317  0.0199847482
  157.093536  0.0195170939
  157.15274  0.0192238446
  157.21196  0.0186137632
  157.271179  0.0195853505
  157.330399  0.020273542
  157.389603  0.0187884904
  157.448822  0.0197361857
  157.508041  0.0188176595
  157.567261  0.0199532937
  157.626465  0.020061668
  157.685684  0.0188874714
  157.744904  0.018365616
  157.804123  0.0196758807
  157.863327  0.020990774
  157.922546  0.0194653906
  157.981766  0.0200708676
  158.040985  0.019239286
  158.100189  0.0199767817
  158.159409  0.0197607167
  158.218628  0.0198206194
  158.277847  0.0208573509
  158.337067  0.020039957
  158.396271  0.0197745375
  158.45549  0.0208433513
  158.514709  0.0199596491
  158.573929  0.0206650905
  158.633133  0.0191321149
  158.692352  0.0200625174
  158.751572  0.0192097574
  158.810791  0.0167001151
  158.869995  0.00153400667
  158.929214  0.
  158.988434  0.
  159.047653  0.
  159.106857  0.
  159.166077  0.
  159.225296  0.
  159.284515  0.
  159.343719  0.
  159.402939  0.
  159.462158  0.
  159.521378  0.
  159.580582  0.
     *       *   
  158.462936  0.
  158.521759  0.
  158.580582  0.
  158.63942  0.
  158.698242  0.
  158.757065  0.
  158.815887  0.
  158.87471  0.
  158.933533  0.
  158.992355  0.
  159.051178  0.00252803764
  159.110001  0.0176919624
  159.168823  0.0203007124
  159.227646  0.0183494836
  159.286469  0.0211285781
  159.345291  0.0198173001
  159.404114  0.018987
  159.462936  0.0198306274
  159.521759  0.0196334049
  159.580582  0.0204274375
  159.63942  0.0196349882
  159.698242  0.0193166919
  159.757065  0.0177607667
  159.815887  0.0194261968
  159.87471  0.0203569531
  159.933533  0.0203913357
  159.992355  0.0203085765
  160.051178  0.0187200885
  160.110001  0.0177579932
  160.168823  0.0190149043
  160.227646  0.0201111753
  160.286469  0.0192953348
  160.345291  0.0189915728
  160.404114  0.020089848
  160.462936  0.0199119914
  160.521759  0.0198968817
  160.580582  0.0212299954
  160.63942  0.0201042704
  160.698242  0.0198662523
  160.757065  0.018977575
  160.815887  0.0195411444
  160.87471  0.0196290426
  160.933533  0.0199300442
  160.992355  0.0179343205
  161.051178  0.0206832159
  161.110001  0.0183637999
  161.168823  0.0185157899
  161.227646  0.0200713165
  161.286469  0.0195205286
  161.345291  0.0180788022
  161.404114  0.0176184699
  161.462936  0.0200664755
  161.521759  0.0192957278
  161.580582  0.0194672477
  161.63942  0.0198672134
  161.698242  0.0207995754
  161.757065  0.0202847403
  161.815887  0.0196171496
  161.87471  0.0191438738
  161.933533  0.0196974147
  161.992355  0.019132128
  162.051178  0.0183764845
  162.110001  0.00450771395
  162.168823  0.
  162.227646  0.
  162.286469  0.
  162.345291  0.
  162.404114  0.
  162.462936  0.
  162.521759  0.
  162.580582  0.
  162.63942  0.
  162.698242  0.
  162.757065  0.
  162.815887  0.
     *       *   
  161.712936  0.
  161.771759  0.
  161.830582  0.
  161.88942  0.
  161.948242  0.
  162.007065  0.
  162.065887  0.
  162.12471  0.
  162.183533  0.
  162.242355  0.
  162.301178  0.00239286572
  162.360001  0.0176838469
  162.418823  0.0197558049
  162.477646  0.0193954166
  162.536469  0.0184084326
  162.595291  0.0180724878
  162.654114  0.0200489499
  162.712936  0.0194856785
  162.771759  0.0209940653
  162.830582  0.0210425425
  162.88942  0.0202589966
  162.948242  0.0185976494
  163.007065  0.0198545884
  163.065887  0.0188368298
  163.12471  0.0199844502
  163.183533  0.0192222446
  163.242355  0.0186125152
  163.301178  0.0179247409
  163.360001  0.0190707054
  163.418823  0.020049464
  163.477646  0.0190952364
  163.536469  0.0206467044
  163.595291  0.0203601569
  163.654114  0.0202645827
  163.712936  0.019112967
  163.771759  0.0192578901
  163.830582  0.0189582128
  163.88942  0.0186783783
  163.948242  0.0197719745
  164.007065  0.0200560745
  164.065887  0.0199610516
  164.12471  0.0185127128
  164.183533  0.0209005345
  164.242355  0.0205231812
  164.301178  0.0197906494
  164.360001  0.0198390279
  164.418823  0.0196396522
  164.477646  0.0197667647
  164.536469  0.0197890569
  164.595291  0.0195744094
  164.654114  0.0196390003
  164.712936  0.0196651574
  164.771759  0.0183228478
  164.830582  0.0197023544
  164.88942  0.0194000714
  164.948242  0.0190426968
  165.007065  0.0196703654
  165.065887  0.0208335146
  165.12471  0.0203411877
  165.183533  0.0194895025
  165.242355  0.0198921394
  165.301178  0.0172006842
  165.360001  0.00260885339
  165.418823  0.
  165.477646  0.
  165.536469  0.
  165.595291  0.
  165.654114  0.
  165.712936  0.
  165.771759  0.
  165.830582  0.
  165.88942  0.
  165.948242  0.
  166.007065  0.
  166.065887  0.
     *       *   
  164.952942  0.
  165.011765  0.
  165.070587  0.
  165.129425  0.
  165.188248  0.
  165.24707  0.
  165.305893  0.
  165.364716  0.
  165.423538  0.
  165.482361  0.
  165.541183  0.00158703979
  165.600006  0.0160097908
  165.658829  0.019784132
  165.717651  0.0194689464
  165.776474  0.0191912539
  165.835297  0.0213239063
  165.894119  0.0196784548
  165.952942  0.0196497366
  166.011765  0.0202207845
  166.070587  0.0205751304
  166.129425  0.0207622051
  166.188248  0.0196155552
  166.24707  0.0206699725
  166.305893  0.0204525515
  166.364716  0.0191342197
  166.423538  0.021527214
  166.482361  0.0191204939
  166.541183  0.0199880451
  166.600006  0.0200376362
  166.658829  0.018462915
  166.717651  0.0202856716
  166.776474  0.0191832334
  166.835297  0.0195572935
  166.894119  0.0191502217
  166.952942  0.018819835
  167.011765  0.0206657052
  167.070587  0.0202015229
  167.129425  0.0192916356
  167.188248  0.019234987
  167.24707  0.0191302132
  167.305893  0.019084692
  167.364716  0.0197123904
  167.423538  0.0195686147
  167.482361  0.0193973184
  167.541183  0.0194057599
  167.600006  0.0203583334
  167.658829  0.0192392319
  167.717651  0.0195978936
  167.776474  0.0192557573
  167.835297  0.0194665138
  167.894119  0.0212332737
  167.952942  0.0185718872
  168.011765  0.0181769878
  168.070587  0.0192940962
  168.129425  0.0192727335
  168.188248  0.0195147861
  168.24707  0.0211555175
  168.305893  0.0198277961
  168.364716  0.0196499135
  168.423538  0.0185199771
  168.482361  0.0201327167
  168.541183  0.0152960736
  168.600006  0.00148730585
  168.658829  0.
  168.717651  0.
  168.776474  0.
  168.835297  0.
  168.894119  0.
  168.952942  0.
  169.011765  0.
  169.070587  0.
  169.129425  0.
  169.188248  0.
  169.24707  0.
  169.305893  0.
     *       *   
  168.19725  0.
  168.255692  0.
  168.314117  0.
  168.372543  0.
  168.430984  0.
  168.48941  0.
  168.547852  0.
  168.606277  0.
  168.664703  0.
  168.723145  0.
  168.78157  0.00314440369
  168.839996  0.017957231
  168.898438  0.0176635701
  168.956863  0.0206279568
  169.015289  0.0208033323
  169.07373  0.0180913862
  169.132156  0.0196452625
  169.190598  0.0203033593
  169.249023  0.0199351832
  169.307449  0.0196224507
  169.365891  0.0198363829
  169.424316  0.0183694139
  169.482742  0.0197405908
  169.541183  0.0207642503
  169.599609  0.0193306897
  169.658035  0.0200461615
  169.716476  0.0197617896
  169.774902  0.0209653806
  169.833328  0.0189928133
  169.891769  0.0182818491
  169.950195  0.0198361948
  170.008636  0.0204484742
  170.067062  0.0215277113
  170.125488  0.0193801764
  170.183929  0.0200377349
  170.242355  0.0190885291
  170.300781  0.0178513117
  170.359222  0.018761456
  170.417648  0.0196972843
  170.476074  0.0193983652
  170.534515  0.0193476696
  170.592941  0.0194800068
  170.651367  0.0202300251
  170.709808  0.0193716586
  170.768234  0.0193315614
  170.826675  0.0202104021
  170.885101  0.0210596733
  170.943527  0.0201572832
  171.001968  0.0185888112
  171.060394  0.019886706
  171.11882  0.0196100455
  171.177261  0.0179378428
  171.235687  0.0175810531
  171.294113  0.0188861918
  171.352554  0.0204766411
  171.41098  0.0188564248
  171.469406  0.0193356127
  171.527847  0.0206145924
  171.586273  0.0205876734
  171.644714  0.0200654678
  171.70314  0.0192858819
  171.761566  0.0173223298
  171.820007  0.00186575204
  171.878433  0.
  171.936859  0.
  171.9953  0.
  172.053726  0.
  172.112152  0.
  172.170593  0.
  172.229019  0.
  172.28746  0.
  172.345886  0.
  172.404312  0.
  172.462753  0.
  172.521179  0.
     *       *   
  171.421555  0.
  171.479599  0.
  171.537643  0.
  171.595673  0.
  171.653717  0.
  171.711761  0.
  171.769791  0.
  171.827835  0.
  171.88588  0.
  171.943909  0.
  172.001953  0.00296026282
  172.059998  0.0174646415
  172.118027  0.0186727718
  172.176071  0.0182115007
  172.234116  0.01875728
  172.292145  0.0184838343
  172.350189  0.0219039582
  172.408234  0.019679023
  172.466263  0.0195509624
  172.524307  0.0195685886
  172.582352  0.0182126835
  172.640381  0.0186733231
  172.698425  0.0206748042
  172.75647  0.0199994352
  172.814499  0.0187850483
  172.872543  0.0190945249
  172.930588  0.0179846138
  172.988617  0.0191012304
  173.046661  0.0205800012
  173.104706  0.0197734311
  173.162735  0.0184855293
  173.220779  0.0200334694
  173.278824  0.0195876136
  173.336853  0.0201262608
  173.394897  0.0198355
  173.452942  0.0204910766
  173.510971  0.0206448678
  173.569016  0.0218486786
  173.627045  0.0200962294
  173.685089  0.0194932893
  173.743134  0.0203526132
  173.801163  0.0190315805
  173.859207  0.0192371104
  173.917252  0.0192592442
  173.975281  0.0203257874
  174.033325  0.0196468737
  174.09137  0.0209737867
  174.149399  0.0204644632
  174.207443  0.0189526975
  174.265488  0.0189645253
  174.323517  0.0200570896
  174.381561  0.0208779685
  174.439606  0.0203918163
  174.497635  0.0184463896
  174.555679  0.018561013
  174.613724  0.0193492994
  174.671753  0.0205090027
  174.729797  0.0205527246
  174.787842  0.0183862075
  174.845871  0.0191384889
  174.903915  0.0184469949
  174.96196  0.017539639
  175.019989  0.00176023296
  175.078033  0.
  175.136078  0.
  175.194107  0.
  175.252151  0.
  175.310196  0.
  175.368225  0.
  175.42627  0.
  175.484314  0.
  175.542343  0.
  175.600388  0.
  175.658432  0.
  175.716461  0.
     *       *   
  174.630203  0.
  174.687454  0.
  174.744705  0.
  174.801956  0.
  174.859222  0.
  174.916473  0.
  174.973724  0.
  175.030975  0.
  175.088242  0.
  175.145493  4.43638855E-05
  175.202744  0.00307046785
  175.259995  0.0191514324
  175.317261  0.0202617198
  175.374512  0.0196275618
  175.431763  0.0199991241
  175.489014  0.0203498118
  175.54628  0.0195026752
  175.603531  0.0193720832
  175.660782  0.0202132966
  175.718033  0.0190925766
  175.775299  0.0187171511
  175.83255  0.0200785343
  175.889801  0.018480029
  175.947067  0.0204755999
  176.004318  0.0195166711
  176.061569  0.0204842072
  176.11882  0.0195651315
  176.176086  0.0190067384
  176.233337  0.0195297599
  176.290588  0.0205713771
  176.347839  0.0200059935
  176.405106  0.0221598949
  176.462357  0.0189212002
  176.519608  0.0177233703
  176.576859  0.0186062064
  176.634125  0.0185693912
  176.691376  0.0203374811
  176.748627  0.0201273393
  176.805878  0.0194448885
  176.863144  0.0201933291
  176.920395  0.0193914361
  176.977646  0.0191063695
  177.034897  0.0200330559
  177.092163  0.0186681375
  177.149414  0.0187080298
  177.206665  0.0193611234
  177.263916  0.0198249742
  177.321182  0.0184072144
  177.378433  0.0196346752
  177.435684  0.0194302853
  177.492935  0.0195485335
  177.550201  0.0198981147
  177.607452  0.0189758595
  177.664703  0.020104982
  177.72197  0.0188337769
  177.779221  0.0198787674
  177.836472  0.0197037086
  177.893723  0.0201025009
  177.950989  0.0186654888
  178.00824  0.019530382
  178.065491  0.0195069388
  178.122742  0.0173360184
  178.180008  0.00215049065
  178.237259  0.
  178.29451  0.
  178.351761  0.
  178.409027  0.
  178.466278  0.
  178.523529  0.
  178.58078  0.
  178.638046  0.
  178.695297  0.
  178.752548  0.
  178.809799  0.
  178.867065  0.
     *       *   
