  3.18993735  1.19746745
  3.29523826  1.68625247
  3.40347886  2.17439461
  3.51507974  2.6617794
  3.63052249  3.14826798
  3.75034881  3.63369465
  3.87518525  4.11785603
  4.00573921  4.60050631
  4.14284801  5.08133459
  4.28744459  5.5599618
  4.44066143  6.03589678
  4.60378265  6.50852489
  4.77844906  6.97700405
  4.96652269  7.44025469
  5.1705122  7.89670706
  5.39316463  8.3443327
  5.63839817  8.77996063
  5.91044378  9.19931602
  6.21501732  9.59555626
  6.55822754  9.95868111
  6.94338989  10.2767172
  7.37095499  10.5345764
  7.83562899  10.7168131
  8.32569695  10.8108788
  8.82466507  10.8096857
  9.3142662  10.713232
  9.7779932  10.5286074
  10.2041101  10.2683697
  10.5873051  9.94797325
  10.9279127  9.58241653
  11.2290773  9.18358994
  11.4967012  8.76140976
  11.7360859  8.32255268
  11.951211  7.87127113
  12.1457577  7.41072416
  12.322341  6.94298124
  12.4833555  6.46964407
  12.630619  5.99184322
  12.765789  5.51047707
  12.8901834  5.02621031
  13.0050049  4.53958225
  13.1112547  4.05100965
  13.2098532  3.56083369
  13.3015833  3.06932473
  13.3871651  2.57670736
  13.4672213  2.08316064
  13.5423241  1.58883607
  13.612978  1.09385514
  15.1492262 -10.
     *    *
  3.18993735  1.19746745
  3.29456592  1.68639755
  3.40066528  2.17501044
  3.50844646  2.66325521
  3.61815262  3.15107083
  3.73005652  3.63838673
  3.84447551  4.12511826
  3.96176839  4.61116457
  4.08236217  5.09640217
  4.206738  5.58068466
  4.33547926  6.0638237
  4.4692626  6.54558992
  4.60895348  7.02567482
  4.75557089  7.50368786
  4.91050577  7.97906733
  5.07543278  8.45106697
  5.25284004  8.91850948
  5.44567633  9.37978458
  5.65872765  9.83204365
  5.89730692  10.2713213
  6.16733694  10.6919146
  6.47427559  11.0862741
  6.82027531  11.4467907
  7.20318794  11.7677965
  7.61946344  12.0441351
  8.06445217  12.271349
  8.53248692  12.4462261
  9.01747036  12.5663471
  9.51303196  12.6300297
  10.0126266  12.6363621
  10.5096378  12.5852175
  10.9974699  12.4772625
  11.4696598  12.3139429
  11.9199638  12.0974655
  12.3424873  11.8307934
  12.7322149  11.5181122
  13.0852785  11.164526
  13.3989801  10.7755508
  13.6743517  10.3584623
  13.9163628  9.92108631
  14.1309385  9.46956253
  14.3232822  9.00809288
  14.4983578  8.5397768
  14.659277  8.06640053
  14.8085527  7.58921766
  14.9479418  7.10905027
  15.0788708  6.62650442
  15.2024384  6.14201975
  15.3195658  5.65593672
  15.4310055  5.16851711
  15.5374002  4.67997074
  15.6393003  4.19046688
  15.7371864  3.70014381
  15.8314791  3.20911646
  15.9225492  2.71748137
  16.010725  2.22531843
  16.0962982  1.73269677
  16.1795349  1.23967481
  18.0326176 -10.
     *    *
  3.18993735  1.19746745
  3.29434156  1.68644571
  3.39972663  2.17521334
  3.50623345  2.66373801
  3.6140244  3.15198088
  3.7232821  3.63989735
  3.83421803  4.12743473
  3.94707298  4.61453152
  4.06213284  5.10111237
  4.17972136  5.58708811
  4.30023146  6.07234669
  4.424119  6.55675364
  4.55196953  7.04012966
  4.68447828  7.52224827
  4.82259321  8.0027895
  4.96747732  8.48133087
  5.12088776  8.95720196
  5.28499079  9.42948627
  5.46332788  9.89656544
  5.65992212  10.3562346
  5.87965679  10.8052635
  6.12728024  11.2394915
  6.40484047  11.6552048
  6.71216583  12.0494099
  7.04840708  12.4192505
  7.41184425  12.7624025
  7.80045366  13.0767612
  8.21202469  13.3603954
  8.64416504  13.6115761
  9.09434509  13.8287735
  9.55991459  14.0106573
  10.0381174  14.1561146
  10.5261164  14.2642488
  11.0210066  14.3343935
  11.5198355  14.3661089
  12.0196228  14.3591957
  12.5173817  14.3136835
  13.0101337  14.2298374
  13.4949322  14.1081533
  13.968873  13.9493599
  14.429122  13.7544079
  14.8729277  13.5244665
  15.2976379  13.2609196
  15.700717  12.9653473
  16.0797749  12.6395378
  16.4326019  12.2854881
  16.7571697  11.9053631
  17.0519562  11.5016956
  17.3163548  11.0774899
  17.5506229  10.6359034
  17.7580795  10.1810589
  17.9437294  9.71685314
  18.1120167  9.2460556
  18.2667942  8.7706337
  18.4110069  8.29189396
  18.5465412  7.81062174
  18.6749001  7.327384
  18.797123  6.842556
  18.9140797  6.35643053
  19.0264263  5.86921835
  19.1347408  5.38109255
  19.2394695  4.89218473
  19.3410225  4.40260696
  19.4397297  3.91244745
  19.5358982  3.42178369
  19.6297836  2.93067813
  19.7216225  2.43918562
  19.8116188  1.94735229
  19.8999615  1.45521855
  21.9107189 -10.
     *    *
  3.18993735  1.19746745
  3.29422951  1.68646955
  3.39925718  2.17531419
  3.50512648  2.66397738
  3.61195946  3.15243077
  3.7198925  3.64064217
  3.82908559  4.12857342
  3.93971872  4.61617994
  4.05200672  5.10340786
  4.16619396  5.59019375
  4.28257561  6.07645988
  4.40149689  6.5621109
  4.5233984  7.04702234
  4.64880753  7.53103781
  4.77844191  8.01393795
  4.91319132  8.49543381
  5.05439997  8.97507381
  5.20376444  9.45223141
  5.36406136  9.9258194
  5.53848124  10.3943768
  5.73099995  10.8557692
  5.94549704  11.3073406
  6.1836915  11.7468653
  6.44590425  12.1724911
  6.73189497  12.5825148
  7.04086399  12.9755125
  7.37188196  13.3501272
  7.72390461  13.7050772
  8.09579849  14.0391474
  8.48635674  14.3511925
  8.89429951  14.6401405
  9.31827736  14.9049997
  9.75688457  15.1448555
  10.2086582  15.3588829
  10.6720867  15.5463438
  11.1456137  15.7065907
  11.6276464  15.8390703
  12.1165628  15.943325
  12.6107101  16.0189934
  13.1084204  16.0658112
  13.6080103  16.0836124
  14.10779  16.0723324
  14.6060677  16.0320091
  15.1011581  15.9627733
  15.5913801  15.8648539
  16.0750771  15.7385817
  16.5506096  15.5843849
  17.016367  15.4027834
  17.470768  15.1943951
  17.9122791  14.9599266
  18.3394012  14.7001724
  18.7506943  14.4160166
  19.1447678  14.1084242
  19.5202923  13.7784395
  19.8759995  13.4271841
  20.2106915  13.055851
  20.5232449  12.6657009
  20.8126507  12.2580824
  21.078001  11.8344107
  21.3188553  11.3963413
  21.5354195  10.9457626
  21.7289143  10.484786
  21.9029388  10.0160885
  22.0615654  9.5419426
  22.2080593  9.06389904
  22.3453102  8.58311367
  22.4751434  8.10027027
  22.5989265  7.61583805
  22.7176189  7.1301322
  22.831974  6.64338636
  22.942564  6.15577126
  23.0498676  5.66742182
  23.154274  5.17844439
  23.2561092  4.68892527
  23.3556538  4.19893503
  23.4531517  3.70853329
  23.5488148  3.21777081
  23.6428318  2.72668982
  23.7353668  2.23532701
  23.8265686  1.74371529
  23.9165688  1.25188196
  25.9523296 -10.
     *    *
  3.18993735  1.19746745
  3.29416227  1.68648398
  3.39897561  2.17537451
  3.50446224  2.6641202
  3.61071968  3.15269899
  3.71785808  3.64108539
  3.82600427  4.12924957
  3.93530321  4.61715698
  4.04592705  5.10476542
  4.15807152  5.59202623
  4.27197361  6.07887936
  4.38790941  6.56525183
  4.50623322  7.05104828
  4.6273694  7.53615141
  4.75189447  8.02039528
  4.88052893  8.50356483
  5.01435709  8.98531723
  5.15477085  9.46518898
  5.30404663  9.94237232
  5.46481657  10.4157982
  5.64039946  10.8839178
  5.83402824  11.3448524
  6.04714584  11.797101
  6.28019857  12.2394028
  6.53314686  12.6706333
  6.80556393  13.0898361
  7.09694672  13.4960842
  7.40671873  13.8884907
  7.73425531  14.2661953
  8.07888603  14.6283703
  8.43989849  14.9742184
  8.81653881  15.3029776
  9.20801449  15.613924
  9.61349678  15.9063721
  10.0321207  16.179678
  10.4629898  16.4332371
  10.90518  16.6664925
  11.3577385  16.878933
  11.8196898  17.0700893
  12.2900352  17.2395458
  12.7677584  17.3869247
  13.2518253  17.5119057
  13.7411861  17.6142101
  14.2347813  17.693615
  14.7315388  17.7499371
  15.230381  17.7830544
  15.7302246  17.7928905
  16.2299862  17.779417
  16.7285728  17.7426624
  17.224905  17.6827011
  17.7178993  17.5996609
  18.2064857  17.4937191
  18.6895981  17.3651028
  19.1661854  17.2140942
  19.63521  17.0410175
  20.0956535  16.8462543
  20.5465088  16.6302242
  20.9867954  16.3933983
  21.415554  16.1362896
  21.831852  15.8594532
  22.2347794  15.5634956
  22.6234608  15.2490635
  22.9970512  14.9168434
  23.3547421  14.5675611
  23.6957569  14.2019815
  24.0193577  13.8209009
  24.3248463  13.4251509
  24.6115608  13.0155973
  24.8788891  12.5931339
  25.1262951  12.1587019
  25.3533306  11.7132864
  25.5600395  11.2580757
  25.7469177  10.794363
  25.9157791  10.3237762
  26.0700188  9.84818077
  26.2128181  9.36901951
  26.3467331  8.88729286
  26.4738541  8.40372753
  26.5954342  7.91873789
  26.7124882  7.43263435
  26.8256874  6.94561863
  26.9356003  6.45784998
  27.0426445  5.9694438
  27.1471786  5.48049402
  27.2494907  4.99107409
  27.3498306  4.50124645
  27.4484081  4.01106071
  27.545414  3.52056098
  27.6410046  3.02978349
  27.7353249  2.53876019
  27.8284969  2.04751825
  27.920639  1.55608213
  28.0118542  1.06447244
  30.0546703 -10.
     *    *
  3.18993735  1.19746745
  3.29411745  1.68649352
  3.39878821  2.1754148
  3.50401998  2.66421556
  3.60989404  3.15287781
  3.71650219  3.64138007
  3.82395029  4.12969828
  3.93235946  4.61780405
  4.04187298  5.1056633
  4.15265465  5.59323597
  4.26490116  6.08047342
  4.37884426  6.56731701
  4.49477959  7.05368948
  4.61306238  7.5394969
  4.73417377  8.02460575
  4.85871792  8.50884533
  4.98760509  8.99194527
  5.12201023  9.47353745
  5.26386309  9.95298386
  5.41539812  10.4294519
  5.57945251  10.9017467
  5.75878811  11.3684425
  5.95463753  11.8284492
  6.16746187  12.2808514
  6.39730406  12.7248478
  6.64391375  13.1597548
  6.90698719  13.5849047
  7.18617201  13.9996519
  7.48108673  14.4033651
  7.79131985  14.7954292
  8.11643219  15.1752462
  8.45596027  15.5422325
  8.80941296  15.8958273
  9.17627621  16.235487
  9.5560112  16.5606956
  9.94805431  16.8709545
  10.3518248  17.1657906
  10.7667198  17.4447556
  11.1921196  17.7074223
  11.627387  17.953392
  12.0718689  18.1822872
  12.5249004  18.3937607
  12.9857998  18.5874882
  13.4538746  18.7631721
  13.9284191  18.9205418
  14.408721  19.059351
  14.8940544  19.179388
  15.3836889  19.2804642
  15.8768845  19.362421
  16.3728962  19.4251308
  16.8709717  19.4684887
  17.3703537  19.4924259
  17.8702927  19.4969006
  18.3700256  19.4818993
  18.8687954  19.4474411
  19.3658428  19.3935738
  19.8604145  19.3203754
  20.351757  19.2279549
  20.8391209  19.1164494
  21.3217659  18.9860249
  21.7989578  18.8368797
  22.2699738  18.6692429
  22.7340965  18.4833717
  23.1906204  18.2795506
  23.638855  18.058094
  24.0781231  17.8193455
  24.5077591  17.5636673
  24.9271107  17.2914486
  25.3355427  17.0031052
  25.7324352  16.6990757
  26.1171837  16.379818
  26.4892082  16.0458164
  26.8479366  15.6975765
  27.1928291  15.3356276
  27.523365  14.9605207
  27.8390408  14.5728273
  28.1393852  14.1731377
  28.4239426  13.7620592
  28.6922855  13.3402185
  28.9440136  12.9082556
  29.1787586  12.4668341
  29.3962116  12.0166407
  29.5961933  11.5584183
  29.7790165  11.0930815
  29.9453964  10.6216068
  30.097599  10.1453562
  30.2386093  9.66566372
  30.370882  9.18348503
  30.4964867  8.69952297
  30.6168633  8.21423244
  30.7329788  7.72790432
  30.8455524  7.24074268
  30.9551086  6.75289297
  31.0620689  6.26446724
  31.1667557  5.77554989
  31.2694473  5.28620958
  31.3703709  4.79650164
  31.4697227  4.3064723
  31.5676651  3.81615949
  31.6643486  3.32559657
  31.759901  2.83481169
  31.8544331  2.34382987
  31.9480476  1.85267174
  32.0408325  1.36135685
  34.1669922 -10.
     *    *
  3.18993735  1.19746745
  3.2940855  1.68650031
  3.39865398  2.17544341
  3.50370336  2.66428328
  3.60930347  3.15300465
  3.71553302  3.64158964
  3.82248306  4.13001776
  3.93025684  4.6182642
  4.03897715  5.10630131
  4.14878464  5.59409475
  4.25984859  6.081604
  4.37236738  6.56877899
  4.48659515  7.05555534
  4.60283661  7.54185534
  4.72150612  8.02756786
  4.84312296  8.51255035
  4.96847057  8.99658203
  5.09856606  9.47935677
  5.23508167  9.96035385
  5.3799572  10.4388943
  5.53566742  10.914011
  5.70461178  11.3845778
  5.88786554  11.8497562
  6.08587551  12.3088465
  6.2987175  12.7612495
  6.52623701  13.2064524
  6.76823759  13.6439524
  7.02448702  14.0732613
  7.29473495  14.4938984
  7.57871008  14.9053926
  7.87612295  15.3072834
  8.18666649  15.6991158
  8.51001549  16.0804482
  8.8458271  16.4508533
  9.19374275  16.8099136
  9.55338573  17.1572285
  9.92436409  17.4924049
  10.3062744  17.815073
  10.698699  18.1248684
  11.1012077  18.4214439
  11.5133572  18.7044697
  11.9346924  18.9736271
  12.3647518  19.2286167
  12.8030605  19.4691486
  13.2491331  19.6949596
  13.7024775  19.9057884
  14.16259  20.1014061
  14.6289644  20.2815876
  15.1010838  20.4461308
  15.5784245  20.5948448
  16.0604572  20.72756
  16.546648  20.8441257
  17.036459  20.9444027
  17.5293446  21.0282764
  18.0247555  21.0956497
  18.5221386  21.1464367
  19.0209408  21.1805801
  19.520607  21.1980381
  20.0205746  21.1987839
  20.5202885  21.1828117
  21.0191898  21.1501389
  21.5167179  21.1007957
  22.0123177  21.034832
  22.5054321  20.952322
  22.9955082  20.8533535
  23.4819965  20.7380333
  23.9643497  20.6064911
  24.442028  20.458868
  24.9144955  20.29533
  25.3812199  20.1160603
  25.8416729  19.9212532
  26.2953434  19.7111301
  26.7417183  19.4859238
  27.1802998  19.2458897
  27.6105938  18.9912987
  28.0321178  18.722435
  28.4444008  18.4396076
  28.8469868  18.1431408
  29.2394314  17.8333702
  29.6212959  17.5106506
  29.9921532  17.1753387
  30.351593  16.827816
  30.6992092  16.4684658
  31.0346107  16.0976906
  31.3574219  15.7158995
  31.6672783  15.3235235
  31.9638367  14.9210033
  32.2467651  14.5087881
  32.5157509  14.0873432
  32.7704926  13.6571388
  33.0107079  13.2186584
  33.2361298  12.7723923
  33.4465294  12.3188486
  33.6417122  11.8585501
  33.8217087  11.3921032
  33.9869423  10.9202223
  34.1384659  10.4437542
  34.278698  9.96383381
  34.4101486  9.48142815
  34.5347633  8.99721146
  34.654213  8.51169205
  34.7694931  8.0251646
  34.8813858  7.53784609
  34.9904137  7.04987907
  35.0970039  6.56137371
  35.2014732  6.07241058
  35.3040924  5.5830555
  35.4050789  5.09335995
  35.5046158  4.60336828
  35.6028557  4.11311483
  35.6999397  3.62263155
  35.7959862  3.13194346
  35.891098  2.64107394
  35.9853745  2.1500423
  36.0788879  1.65886593
  36.1717224  1.16755986
  38.2715302 -10.
     *    *
  3.18993735  1.19746745
  3.29406142  1.68650544
  3.39855337  2.17546487
  3.50346637  2.66433406
  3.60886073  3.15309978
  3.71480608  3.64174628
  3.82138157  4.1302557
  3.92867804  4.618608
  4.03680325  5.10677719
  4.14588022  5.59473467
  4.25605726  6.08244419
  4.36750746  6.56986475
  4.48045349  7.05694056
  4.59516287  7.5436039
  4.71199846  8.02976131
  4.83141708  8.51529026
  4.9541049  9.00000191
  5.08095837  9.48363972
  5.21345234  9.96576118
  5.35330105  10.4457979
  5.50269604  10.9229431
  5.66375399  11.3962736
  5.83742952  11.8651199
  6.02414274  12.3289261
  6.22398663  12.7872276
  6.43685913  13.239624
  6.6626277  13.6857252
  6.90113068  14.1251488
  7.15219545  14.557519
  7.41563272  14.9824638
  7.69124126  15.3996172
  7.97880602  15.8086195
  8.27810192  16.2091179
  8.58888817  16.6007671
  8.91091061  16.9832325
  9.24390697  17.3561802
  9.58760071  17.7192936
  9.94170475  18.0722618
  10.3059254  18.4147816
  10.6799545  18.746563
  11.0634794  19.0673218
  11.4561777  19.3767815
  11.8577156  19.6746788
  12.2677574  19.960762
  12.6859531  20.2347851
  13.1119509  20.4965153
  13.5453911  20.7457314
  13.9859037  20.9822159
  14.4331188  21.2057686
  14.8866596  21.4161911
  15.3461409  21.6133041
  15.8111734  21.7969379
  16.2813644  21.9669285
  16.7563152  22.1231289
  17.2356243  22.2653961
  17.7188854  22.3936043
  18.2056808  22.5076427
  18.6956043  22.6074047
  19.1882324  22.6928024
  19.6831493  22.7637558
  20.1799297  22.8202019
  20.6781502  22.8620853
  21.1773815  22.8893642
  21.6771965  22.90201
  22.1771717  22.9000149
  22.6768703  22.8833733
  23.1758652  22.8520947
  23.6737328  22.8062038
  24.1700382  22.7457352
  24.6643581  22.670742
  25.1562672  22.5812855
  25.64534  22.4774418
  26.131155  22.3592949
  26.6132965  22.2269459
  27.0913467  22.0805073
  27.5648956  21.920105
  28.0335331  21.7458744
  28.4968529  21.5579643
  28.9544582  21.3565369
  29.4059544  21.1417618
  29.8509502  20.913826
  30.2890606  20.6729202
  30.7199097  20.4192524
  31.1431217  20.1530418
  31.5583324  19.8745174
  31.9651833  19.5839157
  32.363327  19.2814903
  32.7524109  18.9675045
  33.1321106  18.6422291
  33.5021019  18.3059502
  33.8620682  17.9589653
  34.2117081  17.6015739
  34.5507202  17.2340889
  34.8788147  16.8568268
  35.195713  16.470108
  35.5011406  16.0742645
  35.7948227  15.6696348
  36.0765114  15.256567
  36.3459702  14.8354158
  36.6029625  14.4065456
  36.847271  13.9703255
  37.0786934  13.5271311
  37.2970238  13.0773449
  37.502079  12.6213531
  37.6937103  12.1595583
  37.8718071  11.6923761
  38.0365829  11.2203283
  38.1885262  10.7439938
  38.3290787  10.2641697
  38.4605637  9.78177643
  38.5850182  9.29751778
  38.7040749  8.81190205
  38.8189888  8.32528877
  38.9305305  7.83788872
  39.039299  7.34986258
  39.1457062  6.86131668
  39.2500916  6.37233543
  39.3527145  5.8829813
  39.4537964  5.39330626
  39.5535088  4.90334988
  39.6520119  4.41314888
  39.7494278  3.92273045
  39.845871  3.4321208
  39.9414444  2.94134021
  40.036232  2.45040727
  40.1303139  1.95933843
  40.2237587  1.46814787
  42.3877754 -10.
     *    *
  3.18993735  1.19746745
  3.29404306  1.68650937
  3.39847565  2.17548156
  3.50328183  2.66437364
  3.60851669  3.15317392
  3.71424103  3.64186835
  3.82052565  4.13044119
  3.92745113  4.61887407
  4.03511286  5.10714483
  4.14362097  5.59522915
  4.25310707  6.0830946
  4.36372519  6.57070398
  4.47567415  7.0580101
  4.58919096  7.54495335
  4.70459938  8.03145218
  4.82230663  8.51739883
  4.94292307  9.00263119
  5.06725025  9.48692417
  5.19660711  9.96989727
  5.33252764  10.4510612
  5.47697783  10.9297295
  5.63185167  11.4051218
  5.79800558  11.8766899
  5.97583199  12.3439808
  6.16542864  12.8066206
  6.36672831  13.2642899
  6.5796361  13.7166748
  6.80403805  14.1634703
  7.03980684  14.6043739
  7.28680658  15.0390854
  7.54489088  15.467308
  7.81390476  15.8887491
  8.09368229  16.3031235
  8.38405037  16.7101479
  8.68482304  17.1095448
  8.99580669  17.5010452
  9.31679821  17.8843803
  9.64758778  18.2592945
  9.98795891  18.6255341
  10.3376846  18.9828491
  10.6965332  19.3309994
  11.0642653  19.669754
  11.4406357  19.9988861
  11.8253918  20.3181725
  12.2182779  20.6274014
  12.61903  20.9263649
  13.0273819  21.2148609
  13.443058  21.4926987
  13.8657827  21.7596912
  14.2952738  22.0156555
  14.731245  22.2604198
  15.1734085  22.4938183
  15.6214666  22.7156868
  16.0751209  22.9258747
  16.534071  23.1242332
  16.9980106  23.3106251
  17.4666309  23.4849186
  17.9396133  23.6469898
  18.416647  23.7967243
  18.8974094  23.9340153
  19.3815746  24.0587635
  19.868824  24.1708813
  20.3588238  24.2702847
  20.8512459  24.3569031
  21.3457527  24.4306698
  21.8420143  24.4915333
  22.3396931  24.5394459
  22.8384533  24.5743752
  23.3379536  24.5962906
  23.8378544  24.6051769
  24.3378162  24.6010246
  24.8375015  24.5838318
  25.3365669  24.5536098
  25.8346748  24.5103722
  26.3314838  24.4541473
  26.8266544  24.3849716
  27.3198509  24.3028908
  27.8107395  24.2079582
  28.2989769  24.1002369
  28.7842369  23.9797993
  29.2661839  23.8467255
  29.7444878  23.7011032
  30.2188244  23.5430355
  30.6888676  23.3726215
  31.154295  23.1899815
  31.61479  22.9952374
  32.070034  22.788517
  32.519722  22.5699673
  32.9635353  22.339735
  33.4011803  22.0979729
  33.8323555  21.8448505
  34.2567596  21.5805378
  34.6741066  21.3052158
  35.0841103  21.0190697
  35.4864883  20.7222977
  35.8809624  20.4151001
  36.2672691  20.0976887
  36.6451378  19.7702789
  37.0143127  19.4330978
  37.3745422  19.0863724
  37.7255783  18.7303467
  38.0671959  18.3652668
  38.3991585  17.9913902
  38.7212486  17.6089764
  39.0332451  17.2182865
  39.3349419  16.8195877
  39.626133  16.4131508
  39.9066124  15.9992495
  40.1761894  15.5781679
  40.4346809  15.1501923
  40.6819115  14.7156134
  40.9177132  14.2747288
  41.1419296  13.8278399
  41.3544044  13.3752518
  41.5549965  12.9172726
  41.7435799  12.4542179
  41.9200516  11.9864159
  42.0844193  11.5142231
  42.2370033  11.0380898
  42.3784485  10.558527
  42.5105133  10.0762911
  42.6352692  9.59210968
  42.7543488  9.10649967
  42.869133  8.61985588
  42.9805183  8.13242054
  43.0891342  7.64436197
  43.1954422  7.15579367
  43.2997818  6.66680193
  43.40242  6.1774497
  43.5035782  5.68778896
  43.6034241  5.19785929
  43.7021065  4.70769501
  43.7997627  4.21732426
  43.8964882  3.7267704
  43.9923935  3.23605394
  44.0875511  2.74519253
  44.1820412  2.25420213
  44.2759209  1.76309562
  44.3692627  1.27188551
  46.5006027 -10.
     *    *
  3.18993735  1.19746745
  3.29402781  1.68651259
  3.39841247  2.17549491
  3.50313354  2.66440535
  3.60824037  3.15323305
  3.71378779  3.64196563
  3.81983948  4.13058949
  3.92646813  4.61908722
  4.03376055  5.10743999
  4.14181376  5.5956254
  4.2507472  6.08361435
  4.36070013  6.57137489
  4.47185135  7.05886316
  4.58441401  7.54602718
  4.69867945  8.03279495
  4.81501579  8.51907253
  4.93397284  9.00471401
  5.05627489  9.48952389
  5.18311548  9.97316456
  5.31588125  10.4552097
  5.45635605  10.9350624
  5.60625172  11.4120522
  5.76634312  11.8857164
  5.93699884  12.3556767
  6.11831427  12.8216267
  6.31024599  13.2833061
  6.51272488  13.7404585
  6.72566557  14.192832
  6.94897413  14.6401768
  7.18254852  15.0822496
  7.42628002  15.5188046
  7.68005133  15.9496012
  7.94373846  16.3743992
  8.21720982  16.7929668
  8.50032711  17.2050724
  8.79294205  17.6104889
  9.09490108  18.0089931
  9.40604591  18.4003677
  9.72620964  18.784399
  10.0552206  19.160881
  10.3929033  19.5296021
  10.7390738  19.8903656
  11.0935431  20.242979
  11.4561214  20.5872498
  11.8266106  20.9229927
  12.2048092  21.2500267
  12.5905113  21.5681763
  12.9835091  21.8772678
  13.3835878  22.1771374
  13.7905321  22.4676208
  14.2041225  22.7485638
  14.6241369  23.0198078
  15.0503492  23.2812061
  15.4825296  23.5326099
  15.9204483  23.7738857
  16.3638687  24.0048923
  16.8125534  24.2255001
  17.2662601  24.4355812
  17.7247486  24.6350174
  18.187767  24.8236904
  18.6550674  25.0014954
  19.1263981  25.1683273
  19.6014996  25.3240891
  20.0801182  25.4686909
  20.5619907  25.602047
  21.0468559  25.7240772
  21.5344486  25.8347111
  22.0244999  25.9338837
  22.5167408  26.0215397
  23.0109043  26.0976238
  23.5067158  26.1620922
  24.0039024  26.2149048
  24.5021935  26.2560329
  25.0013103  26.2854462
  25.5009842  26.3031273
  26.0009327  26.3090649
  26.5008831  26.3032551
  27.0005589  26.2856941
  27.4996834  26.2563915
  27.9979839  26.2153606
  28.4951801  26.1626205
  28.9909973  26.0981979
  29.4851627  26.0221252
  29.9773998  25.9344444
  30.4674377  25.8351994
  30.9550018  25.7244434
  31.4398212  25.6022358
  31.921629  25.4686432
  32.4001541  25.3237381
  32.8751297  25.1675949
  33.3462944  25.0002995
  33.813385  24.8219433
  34.2761421  24.6326218
  34.7343025  24.4324417
  35.1876183  24.2215099
  35.6358299  23.9999447
  36.0786896  23.7678719
  36.5159531  23.5254154
  36.9473724  23.2727089
  37.372715  23.0098953
  37.7917328  22.7371197
  38.2042046  22.4545345
  38.6098938  22.1622982
  39.0085754  21.8605728
  39.4000282  21.5495243
  39.7840309  21.2293301
  40.1603775  20.9001656
  40.5288467  20.5622139
  40.8892479  20.2156658
  41.2413788  19.860714
  41.585041  19.4975567
  41.9200439  19.1263981
  42.2462082  18.7474499
  42.5633507  18.3609238
  42.8713074  17.9670391
  43.1699181  17.5660191
  43.4590111  17.1580849
  43.7384338  16.7434654
  44.0080261  16.3223915
  44.2676392  15.8950891
  44.5171242  15.4617977
  44.7563438  15.0227547
  44.9851646  14.5782051
  45.2034645  14.1283941
  45.4111252  13.6735725
  45.6080246  13.2139912
  45.7940559  12.7499046
  45.9691353  12.2815762
  46.1331902  11.8092728
  46.2863464  11.3333206
  46.4289703  10.8541069
  46.5620041  10.372139
  46.6872978  9.88809681
  46.8066063  9.40254307
  46.9212952  8.91587639
  47.0324898  8.42839909
  47.1408501  7.94028234
  47.2469025  7.4516592
  47.3509941  6.96261549
  47.4534225  6.47321987
  47.5543938  5.98352146
  47.6541023  5.49356318
  47.7526817  5.00337744
  47.8502655  4.51299238
  47.9469566  4.02243137
  48.0428581  3.53171444
  48.1380386  3.04085803
  48.2325821  2.54987764
  48.3265457  2.05878615
  48.4199905  1.56759524
  48.5129623  1.07631493
  50.6039429 -10.
     *    *
  3.18993735  1.19746745
  3.29401565  1.68651521
  3.39836144  2.17550588
  3.50301361  2.66443133
  3.60801601  3.15328169
  3.71341848  3.64204574
  3.81927991  4.1307106
  3.92566562  4.61926126
  4.03265476  5.10768032
  4.14033604  5.59594679
  4.24881792  6.08403635
  4.3582263  6.57191896
  4.46872377  7.05955696
  4.58050537  7.5469017
  4.69383574  8.03388882
  4.80904913  8.52043343
  4.92664766  9.00640774
  5.0472908  9.49163342
  5.17206812  9.975811
  5.30224657  10.4585619
  5.43945551  10.9393597
  5.58525705  11.4176188
  5.74036026  11.8929424
  5.90510845  12.3650084
  6.07959652  12.8335629
  6.2637949  13.2983837
  6.45765257  13.7592611
  6.66110373  14.2159834
  6.87407732  14.6683455
  7.09649515  15.1161385
  7.32827282  15.5591574
  7.56932163  15.9972019
  7.81954575  16.4300709
  8.07884216  16.8575668
  8.34710407  17.2794952
  8.62421703  17.6956635
  8.91006184  18.1058807
  9.20451355  18.5099659
  9.50744343  18.9077358
  9.81871796  19.2990112
  10.1381969  19.6836166
  10.4657373  20.0613785
  10.8011913  20.4321308
  11.1444082  20.7957115
  11.4952335  21.1519566
  11.853507  21.5007076
  12.2190685  21.841814
  12.591754  22.1751194
  12.9713936  22.5004807
  13.3578176  22.8177547
  13.7508545  23.1268005
  14.1503286  23.4274807
  14.5560608  23.7196598
  14.9678726  24.0032043
  15.3855848  24.2779846
  15.8090105  24.5438766
  16.2379627  24.8007565
  16.6722546  25.0485039
  17.1116943  25.2870007
  17.5560875  25.5161343
  18.0052376  25.735796
  18.4589481  25.9458828
  18.9170132  26.1462936
  19.3792324  26.3369293
  19.8453979  26.5176964
  20.3153038  26.6885128
  20.7887383  26.8492908
  21.2654839  26.9999599
  21.7453289  27.1404438
  22.2280579  27.2706757
  22.7134514  27.3905907
  23.201292  27.5001373
  23.6913567  27.5992546
  24.183424  27.6878986
  24.677269  27.7660236
  25.1726685  27.8335953
  25.6693993  27.8905735
  26.1672325  27.9369316
  26.6659431  27.9726486
  27.1653023  27.9977074
  27.6650848  28.0120888
  28.1650581  28.0157871
  28.6649971  28.0087967
  29.1646729  27.9911175
  29.6638565  27.9627552
  30.1623173  27.9237251
  30.6598301  27.8740387
  31.1561642  27.813715
  31.6510963  27.7427826
  32.1443939  27.6612701
  32.6358299  27.5692139
  33.1251869  27.4666481
  33.612236  27.3536224
  34.0967445  27.2301903
  34.578495  27.0963974
  35.0572662  26.9523087
  35.5328407  26.797987
  36.0049973  26.6334991
  36.4735146  26.4589195
  36.9381714  26.2743225
  37.3987617  26.0797939
  37.8550682  25.8754177
  38.306881  25.6612854
  38.7539902  25.4375019
  39.1961899  25.2041588
  39.6332741  24.9613667
  40.0650368  24.70924
  40.4912834  24.4478893
  40.911808  24.1774387
  41.3264236  23.8980122
  41.7349396  23.6097393
  42.1371651  23.3127537
  42.532917  23.0071907
  42.9220123  22.6931915
  43.3042717  22.3709049
  43.679512  22.0404797
  44.0475693  21.7020741
  44.4082794  21.3558407
  44.7614708  21.0019436
  45.1069794  20.640543
  45.4446487  20.2718086
  45.7743301  19.8959122
  46.0958672  19.5130291
  46.4091187  19.1233349
  46.7139435  18.7270126
  47.0102005  18.3242493
  47.2977676  17.9152336
  47.5765076  17.5001545
  47.8463058  17.0792046
  48.1070328  16.6525764
  48.3585663  16.2204647
  48.6007881  15.7830677
  48.8335876  15.3405828
  49.0568542  14.8932152
  49.2704926  14.4411678
  49.4744034  13.9846506
  49.6684914  13.5238714
  49.8526688  13.0590429
  50.0268593  12.5903778
  50.1909981  12.1180992
  50.3450623  11.6424389
  50.4892731  11.1636982
  50.6240616  10.6822195
  50.7506638  10.1985188
  50.8708305  9.71317863
  50.9860229  9.22663116
  51.0974274  8.7392025
  51.2059021  8.25111198
  51.3119888  7.76249695
  51.4160995  7.27345753
  51.5185394  6.78406429
  51.6195374  6.29437113
  51.7192802  5.80442142
  51.8179207  5.31424856
  51.9155884  4.8238802
  52.0123863  4.33334017
  52.1084099  3.84264708
  52.2037392  3.35181904
  52.2984428  2.86086988
  52.3925858  2.36981249
  52.4862175  1.87865841
  52.5793991  1.38741767
  54.7286224 -10.
     *    *
  3.18993735  1.19746745
  3.29400587  1.68651736
  3.39831924  2.17551494
  3.502913  2.66445279
  3.60782838  3.1533215
  3.71311045  3.64211154
  3.81881309  4.13081074
  3.92499661  4.61940527
  4.03173304  5.10787916
  4.13910389  5.59621477
  4.2472086  6.08438826
  4.35616302  6.57237244
  4.46611643  7.06013298
  4.57724714  7.5476265
  4.68979836  8.03479385
  4.80407572  8.52155876
  4.92054129  9.00780392
  5.03980112  9.49337101
  5.1628561  9.97799015
  5.29087305  10.4613209
  5.42535114  10.9428911
  5.56772757  11.422183
  5.71865463  11.8988514
  5.87845325  12.3726187
  6.04721594  12.8432665
  6.22492313  13.3106098
  6.41153717  13.7744694
  6.60700703  14.2346659
  6.81127596  14.6910257
  7.02428341  15.1433725
  7.24596453  15.5915318
  7.47624731  16.0353317
  7.71505737  16.4746056
  7.9623127  16.9091778
  8.21792984  17.3388863
  8.4818182  17.763567
  8.75388145  18.1830559
  9.03402042  18.5971947
  9.32213211  19.005827
  9.6181097  19.4087982
  9.92184258  19.8059597
  10.2332134  20.1971607
  10.5521049  20.5822563
  10.878396  20.9611015
  11.2119627  21.3335571
  11.5526762  21.6994839
  11.9004049  22.0587521
  12.2550192  22.4112282
  12.6163807  22.7567806
  12.984355  23.0952854
  13.3588009  23.4266186
  13.7395782  23.7506561
  14.126544  24.0672741
  14.5195532  24.376358
  14.9184618  24.6777897
  15.323122  24.9714584
  15.7333832  25.2572479
  16.1490955  25.5350475
  16.5701084  25.8047523
  16.9962616  26.0662498
  17.4274044  26.3194389
  17.8633785  26.5642185
  18.3040199  26.8004913
  18.7491684  27.0281563
  19.1986561  27.2471275
  19.6523209  27.4573135
  20.1099911  27.6586285
  20.5714951  27.8509884
  21.0366631  28.0343208
  21.5053158  28.2085457
  21.9772797  28.3735962
  22.4523735  28.5294018
  22.930418  28.6759014
  23.4112339  28.8130322
  23.8946381  28.9407406
  24.3804493  29.0589733
  24.8684769  29.1676807
  25.3585396  29.2668209
  25.8504486  29.3563519
  26.3440151  29.4362316
  26.8390522  29.5064297
  27.3353691  29.5669155
  27.8327751  29.6176624
  28.3310814  29.6586514
  28.8300953  29.6898613
  29.3296242  29.7112789
  29.8294773  29.7228947
  30.3294621  29.7247009
  30.8293896  29.7166939
  31.3290596  29.6988754
  31.8282852  29.6712494
  32.3268738  29.6338253
  32.8246307  29.5866184
  33.3213615  29.5296383
  33.8168755  29.4629059
  34.3109856  29.3864479
  34.8034973  29.300293
  35.2942162  29.2044697
  35.782959  29.0990143
  36.2695312  28.9839649
  36.753746  28.8593674
  37.2354164  28.7252636
  37.7143555  28.5817089
  38.1903763  28.4287548
  38.6632919  28.2664604
  39.1329231  28.0948849
  39.5990829  27.9140949
  40.0615921  27.7241611
  40.5202675  27.5251541
  40.9749336  27.3171501
  41.4254189  27.1002293
  41.8715363  26.8744717
  42.3131142  26.6399689
  42.7499886  26.3968029
  43.1819801  26.1450691
  43.6089287  25.8848648
  44.0306549  25.6162872
  44.4470024  25.3394375
  44.8578033  25.0544262
  45.2629013  24.761364
  45.6621361  24.4603634
  46.0553513  24.1515427
  46.4423981  23.8350239
  46.8231239  23.5109329
  47.1973877  23.1793919
  47.5650368  22.8405361
  47.9259338  22.4944935
  48.2799377  22.1414032
  48.6269112  21.7814064
  48.9667206  21.4146404
  49.2992439  21.041254
  49.6243477  20.6613903
  49.9419136  20.275198
  50.251812  19.8828316
  50.5539284  19.4844418
  50.8481445  19.0801811
  51.1343498  18.6702099
  51.4124374  18.2546921
  51.6823044  17.8337879
  51.9438553  17.4076653
  52.196991  16.9764881
  52.4416046  16.5404224
  52.6776123  16.099638
  52.9049072  15.6543016
  53.1234169  15.2045879
  53.3330574  14.7506695
  53.5337448  14.2927237
  53.7254028  13.8309269
  53.9079628  13.3654585
  54.081356  12.8964977
  54.2455215  12.4242296
  54.4004326  11.948844
  54.5461311  11.4705544
  54.6829185  10.9896383
  54.8113556  10.506423
  54.9328728  10.0214186
  55.0490417  9.5351038
  55.161068  9.04781628
  55.2699699  8.55982113
  55.3763809  8.07127762
  55.4807739  7.58229685
  55.5834618  7.09295702
  55.6847115  6.60331535
  55.7847023  6.11341619
  55.8836021  5.62329483
  55.9815369  5.13298035
  56.0786171  4.64249659
  56.1749344  4.15186262
  56.2705765  3.6610949
  56.3656044  3.17020893
  56.4600868  2.6792171
  56.554081  2.18813038
  56.647625  1.69695902
  56.7407608  1.20571113
  58.8576698 -10.
     *    *
  3.18993735  1.19746745
  3.29399633  1.68651927
  3.39828181  2.17552257
  3.50282645  2.66447091
  3.60766816  3.15335584
  3.71284866  3.64216781
  3.81841707  4.13089609
  3.92442918  4.61952829
  4.0309515  5.10804939
  4.13806009  5.59644222
  4.24584627  6.08468628
  4.35441637  6.57275677
  4.46390867  7.06062126
  4.57448721  7.54824018
  4.68637705  8.03556061
  4.79986286  8.52251148
  4.91536903  9.00898552
  5.0334568  9.49483967
  5.15505266  9.97982693
  5.28123569  10.4636393
  5.41339779  10.9458494
  5.55286694  11.4259977
  5.70024633  11.9037752
  5.85583878  12.3789406
  6.01973248  12.8513079
  6.19191694  13.3207159
  6.37236214  13.7870102
  6.56102753  14.2500401
  6.75786781  14.7096539
  6.96283627  15.1657
  7.17587948  15.6180315
  7.39694118  16.0664997
  7.6259613  16.5109558
  7.86287451  16.9512539
  8.10761166  17.3872528
  8.36010075  17.8188114
  8.62026405  18.2457848
  8.88802147  18.6680374
  9.16328812  19.085434
  9.44597626  19.4978371
  9.73599529  19.9051208
  10.0332508  20.3071556
  10.3376455  20.7038097
  10.6490831  21.0949612
  10.9674587  21.4804859
  11.2926664  21.8602657
  11.6246004  22.2341805
  11.9631519  22.6021118
  12.3082104  22.9639511
  12.6596603  23.3195839
  13.0173883  23.6688995
  13.381279  24.0117912
  13.7512159  24.3481503
  14.1270809  24.6778717
  14.5087538  25.0008564
  14.8961134  25.3169937
  15.2890406  25.6261864
  15.6874113  25.9283333
  16.0911007  26.2233334
  16.4999847  26.5110912
  16.9139366  26.7915096
  17.3328304  27.0644951
  17.7565327  27.3299484
  18.1849155  27.5877819
  18.6178474  27.8379059
  19.055191  28.0802288
  19.4968109  28.3146687
  19.9425697  28.5411434
  20.3923244  28.7595749
  20.845932  28.969883
  21.3032494  29.1719971
  21.7641335  29.3658447
  22.2284355  29.5513573
  22.6960049  29.7284718
  23.1666927  29.8971291
  23.6403465  30.0572681
  24.1168137  30.2088318
  24.5959358  30.3517704
  25.0775642  30.4860306
  25.5615387  30.6115646
  26.0477047  30.7283287
  26.5359058  30.8362827
  27.0259762  30.9353867
  27.5177593  31.0256023
  28.011097  31.1069012
  28.505825  31.1792545
  29.0017815  31.2426319
  29.4988079  31.2970104
  29.9967346  31.3423748
  30.4954033  31.378706
  30.994648  31.4059887
  31.4943047  31.4242134
  31.9942112  31.4333687
  32.4942017  31.4334507
  32.9941139  31.4244576
  33.4937782  31.4063911
  33.9930344  31.3792534
  34.4917107  31.3430519
  34.9896507  31.2977962
  35.4866829  31.2435017
  35.9826469  31.1801796
  36.4773788  31.1078529
  36.9707184  31.0265446
  37.4624939  30.9362793
  37.9525452  30.8370876
  38.440712  30.7290001
  38.9268341  30.6120491
  39.4107475  30.4862728
  39.892292  30.3517132
  40.3713112  30.208416
  40.8476448  30.0564232
  41.3211327  29.8957882
  41.7916145  29.7265644
  42.2589417  29.5488052
  42.72295  29.3625679
  43.1834946  29.1679153
  43.6404152  28.9649124
  44.0935707  28.7536259
  44.5428047  28.5341244
  44.9879684  28.3064823
  45.4289131  28.0707741
  45.8654938  27.8270741
  46.2975655  27.5754662
  46.724987  27.3160305
  47.1476097  27.0488548
  47.5652885  26.774025
  47.9778976  26.4916306
  48.3852921  26.2017632
  48.7873306  25.9045143
  49.1838837  25.5999851
  49.5748177  25.2882729
  49.9599991  24.9694843
  50.3393059  24.6437225
  50.7126045  24.3110981
  51.0797768  23.9717197
  51.4407005  23.6257019
  51.7952538  23.2731628
  52.143322  22.9142227
  52.4847908  22.5489998
  52.8195496  22.1776142
  53.1474876  21.80019
  53.4684944  21.4168568
  53.7824745  21.0277424
  54.0893211  20.6329803
  54.3889313  20.2327003
  54.6812096  19.827034
  54.9660645  19.4161224
  55.2434044  19.0000992
  55.5131378  18.5791073
  55.7751846  18.153286
  56.0294533  17.7227802
  56.2758751  17.2877312
  56.51437  16.8482857
  56.7448578  16.4045868
  56.9672699  15.9567852
  57.1815224  15.5050268
  57.387558  15.0494614
  57.5853119  14.5902414
  57.7747269  14.1275196
  57.9557457  13.6614466
  58.128315  13.1921787
  58.2923851  12.7198725
  58.4479218  12.244688
  58.5949097  11.7667894
  58.7334862  11.2863855
  58.8639755  10.8037205
  58.9872093  10.319149
  59.1046562  9.83314037
  59.2176476  9.34607601
  59.3272171  8.85823059
  59.4341812  8.36980629
  59.5390396  7.88092518
  59.6421738  7.39167786
  59.7438431  6.90212345
  59.844265  6.41231155
  59.9435921  5.92227745
  60.0419693  5.43205118
  60.1394997  4.94165564
  60.2362862  4.45111275
  60.3324051  3.96043801
  60.4279251  3.46964693
  60.5229111  2.97875214
  60.6174126  2.48776412
  60.711483  1.99669278
  60.8051567  1.50554681
  60.8984795  1.01433361
  62.9872627 -10.
     *    *
  3.18993735  1.19746745
  3.29398942  1.68652093
  3.39825153  2.17552948
  3.50275421  2.66448641
  3.60753226  3.15338445
  3.71262527  3.64221501
  3.81807828  4.13096809
  3.92394352  4.61963224
  4.03028297  5.10819387
  4.13716602  5.5966363
  4.2446785  6.08493996
  4.3529191  6.5730834
  4.46201611  7.06103611
  4.57212257  7.54876137
  4.68344736  8.03621101
  4.7962532  8.52331924
  4.91093636  9.00998878
  5.02801895  9.49608612
  5.14836264  9.98138618
  5.27297258  10.4656076
  5.40314436  10.9483604
  5.5401144  11.4292269
  5.68444395  11.9079351
  5.83641815  12.3842716
  5.99612188  12.8580732
  6.16354847  13.3291998
  6.33867598  13.7975197
  6.52147198  14.2628994
  6.71190071  14.7252073
  6.9099226  15.1843147
  7.11549664  15.64009
  7.32857609  16.0924053
  7.54911184  16.541132
  7.7770505  16.9861431
  8.01233578  17.4273148
  8.25490856  17.864521
  8.50470543  18.2976437
  8.76165962  18.7265568
  9.02569962  19.1511478
  9.29675388  19.5712929
  9.57474709  19.9868774
  9.85960293  20.3977909
  10.1512375  20.8039207
  10.4495707  21.2051582
  10.7545147  21.6013927
  11.0659838  21.9925213
  11.3838882  22.3784351
  11.7081356  22.7590351
  12.0386324  23.1342201
  12.3752851  23.503891
  12.7179985  23.8679504
  13.0666752  24.2263031
  13.4212189  24.5788536
  13.7815304  24.9255066
  14.1475096  25.2661705
  14.5190573  25.6007519
  14.8960743  25.9291592
  15.2784567  26.2513027
  15.6661024  26.567091
  16.0589085  26.87644
  16.4567699  27.1792583
  16.8595848  27.4754581
  17.2672462  27.7649498
  17.6796455  28.0476475
  18.0966797  28.3234673
  18.5182362  28.5923214
  18.9442062  28.8541279
  19.3744717  29.1088085
  19.8089218  29.3562851
  20.2474384  29.5964813
  20.6899071  29.8293228
  21.1362038  30.0547409
  21.5862045  30.2726688
  22.0397873  30.4830379
  22.4968281  30.6857834
  22.9571991  30.880846
  23.4207764  31.0681667
  23.8874264  31.247694
  24.3570213  31.4193668
  24.8294315  31.5831375
  25.3045254  31.7389545
  25.7821693  31.8867702
  26.2622299  32.026535
  26.7445717  32.1582146
  27.2290592  32.2817574
  27.715559  32.3971329
  28.203928  32.5043068
  28.6940365  32.6032448
  29.1857376  32.6939163
  29.6788979  32.7762947
  30.1733742  32.8503494
  30.6690292  32.9160614
  31.1657238  32.9734077
  31.6633148  33.0223694
  32.1616592  33.0629349
  32.6606178  33.0950851
  33.1600494  33.1188126
  33.6598091  33.1341057
  34.1597557  33.1409569
  34.6597443  33.13937
  35.1596375  33.1293335
  35.6592865  33.1108551
  36.1585503  33.0839386
  36.6572952  33.048584
  37.1553688  33.0048027
  37.6526299  32.9526024
  38.1489372  32.8920059
  38.6441498  32.8230209
  39.1381264  32.7456665
  39.6307144  32.6599693
  40.121788  32.5659485
  40.6112022  32.4636345
  41.0988121  32.3530502
  41.5844803  32.23423
  42.0680733  32.1072083
  42.5494423  31.9720211
  43.0284576  31.8287067
  43.5049782  31.6773052
  43.9788704  31.5178623
  44.4499969  31.35042
  44.9182205  31.1750317
  45.3834076  30.991745
  45.8454247  30.8006134
  46.3041382  30.6016903
  46.7594261  30.3950348
  47.2111511  30.1807079
  47.6591835  29.9587688
  48.1033974  29.7292805
  48.5436668  29.4923077
  48.979866  29.247921
  49.4118652  28.996191
  49.8395424  28.7371845
  50.2627792  28.4709778
  50.6814499  28.1976509
  51.0954361  27.9172764
  51.5046196  27.6299362
  51.9088783  27.3357143
  52.308094  27.0346889
  52.7021599  26.7269478
  53.0909538  26.4125748
  53.474369  26.0916615
  53.8522873  25.7642956
  54.2246056  25.4305725
  54.5912094  25.0905857
  54.9519997  24.7444324
  55.3068695  24.3922138
  55.6557198  24.0340271
  55.9984474  23.6699829
  56.3349571  23.3001823
  56.6651535  22.924736
  56.9889488  22.5437508
  57.3062477  22.1573391
  57.6169624  21.7656155
  57.9210052  21.3686886
  58.2182961  20.9666767
  58.5087433  20.5597
  58.7922707  20.147871
  59.0688095  19.7313118
  59.3382721  19.3101463
  59.6005898  18.8844948
  59.8556976  18.4544811
  60.1035233  18.0202312
  60.3440056  17.5818691
  60.5770836  17.1395245
  60.8026886  16.693325
  61.0207672  16.2433987
  61.231266  15.7898741
  61.4341354  15.3328876
  61.6293259  14.87257
  61.8167992  14.4090567
  61.9965172  13.942481
  62.1684456  13.4729795
  62.3325653  13.0006895
  62.4888496  12.5257492
  62.6372986  12.0483027
  62.7779541  11.5685024
  62.9110451  11.0865479
  63.0369835  10.6026745
  63.1568565  10.11726
  63.2720222  9.63070583
  63.3835487  9.14330292
  63.492321  8.65527916
  63.5989342  8.16677761
  63.7037926  7.67789555
  63.8071861  7.18870211
  63.9093323  6.69924784
  64.0104141  6.20957088
  64.1105499  5.71970081
  64.2098541  5.2296629
  64.3084412  4.73947811
  64.4063797  4.24916363
  64.5037308  3.75873375
  64.600563  3.26820087
  64.6969376  2.77757668
  64.7928848  2.28686976
  64.8884583  1.79608917
  64.9836884  1.30524266
  67.1691284 -10.
     *    *
  3.18993735  1.19746745
  3.29398298  1.68652213
  3.39822459  2.1755352
  3.50269079  2.66450024
  3.60741425  3.15341043
  3.71243143  3.64225745
  3.81778479  4.13103199
  3.92352295  4.6197238
  4.02970266  5.10831928
  4.13639069  5.59680462
  4.24366617  6.08516073
  4.3516221  6.5733676
  4.46037722  7.0613966
  4.57007408  7.54921532
  4.6809082  8.03677654
  4.79312563  8.52402115
  4.90709591  9.01085854
  5.02330732  9.49716568
  5.14256525  9.98273373
  5.26581001  10.4673042
  5.39425421  10.9505205
  5.52905321  11.4320011
  5.67073298  11.9115019
  5.81956196  12.3888302
  5.97562122  12.8638458
  6.13890886  13.3364248
  6.30940819  13.806448
  6.48709297  14.2738047
  6.67193317  14.7383776
  6.86389732  15.2000523
  7.06295109  15.6587143
  7.26905632  16.1142521
  7.48217297  16.5665493
  7.70225716  17.0154991
  7.92926121  17.4609909
  8.16313648  17.9029121
  8.40382862  18.3411617
  8.65128326  18.7756271
  8.90544033  19.2062054
  9.16624069  19.6327915
  9.4336195  20.0552864
  9.70751095  20.4735889
  9.98784637  20.8875999
  10.2745571  21.2972221
  10.5675697  21.7023582
  10.8668098  22.1029167
  11.1722021  22.4988041
  11.4836693  22.8899326
  11.8011312  23.2762127
  12.1245089  23.6575527
  12.4537201  24.0338688
  12.7886848  24.4050732
  13.1293201  24.7710819
  13.4755421  25.1318092
  13.8272676  25.4871712
  14.184413  25.8370876
  14.5468931  26.1814766
  14.9146214  26.5202541
  15.2875137  26.8533401
  15.6654816  27.1806545
  16.048439  27.5021133
  16.4363022  27.8176403
  16.8289814  28.1271515
  17.226387  28.4305687
  17.6284332  28.727808
  18.0350285  29.0187931
  18.446085  29.3034439
  18.8615093  29.581686
  19.2812061  29.8534412
  19.7050762  30.1186371
  20.1330223  30.377203
  20.5649452  30.6290665
  21.0007439  30.8741646
  21.4403152  31.1124306
  21.8835526  31.3438015
  22.3303528  31.5682182
  22.7806091  31.7856197
  23.234211  31.9959507
  23.6910515  32.1991539
  24.1510181  32.3951759
  24.6140022  32.5839653
  25.0798893  32.7654686
  25.5485649  32.93964
  26.0199165  33.1064301
  26.4938297  33.2658043
  26.9701881  33.4177094
  27.4488773  33.5621109
  27.9297752  33.6989632
  28.4127674  33.8282356
  28.8977356  33.9498863
  29.3845577  34.0638962
  29.8731136  34.1702232
  30.3632851  34.2688484
  30.854948  34.3597336
  31.3479824  34.4428596
  31.842268  34.5182037
  32.337677  34.585743
  32.8340912  34.645462
  33.3313828  34.6973419
  33.8294334  34.7413673
  34.3281212  34.7775269
  34.8273125  34.8058052
  35.326889  34.8261986
  35.826725  34.8386993
  36.3266945  34.8432961
  36.8266754  34.8399963
  37.3265419  34.8287926
  37.8261681  34.8096848
  38.325428  34.7826805
  38.8241959  34.7477837
  39.3223534  34.7050018
  39.8197746  34.6543465
  40.31633  34.595829
  40.8118973  34.5294647
  41.3063545  34.4552689
  41.7995796  34.3732567
  42.2914429  34.2834549
  42.7818184  34.1858826
  43.2705956  34.0805588
  43.7576485  33.9675179
  44.2428474  33.8467865
  44.7260704  33.7183952
  45.2072067  33.5823746
  45.6861343  33.4387665
  46.1627235  33.2875938
  46.6368675  33.1289024
  47.1084442  32.962738
  47.5773239  32.789135
  48.0434036  32.6081352
  48.5065613  32.4197922
  48.9666901  32.2241478
  49.4236641  32.0212517
  49.8773804  31.811161
  50.3277168  31.5939255
  50.7745628  31.3695984
  51.2178078  31.138237
  51.657341  30.8998985
  52.0930519  30.6546459
  52.5248337  30.4025383
  52.9525757  30.1436386
  53.3761787  29.8780136
  53.7955284  29.6057281
  54.2105255  29.3268509
  54.6210594  29.0414486
  55.0270348  28.7495975
  55.4283485  28.4513683
  55.8248978  28.1468353
  56.2165871  27.8360729
  56.6033134  27.5191593
  56.9849815  27.1961746
  57.3614998  26.867197
  57.732769  26.5323067
  58.0986977  26.1915836
  58.4591904  25.8451157
  58.8141518  25.4929829
  59.1634941  25.1352768
  59.5071335  24.7720852
  59.8449783  24.4035015
  60.1769524  24.0296173
  60.5029716  23.650528
  60.8229485  23.2663326
  61.1368103  22.8771267
  61.4444847  22.4830093
  61.745903  22.0840816
  62.0409851  21.6804466
  62.3296585  21.2722034
  62.6118622  20.8594646
  62.8875275  20.4423313
  63.1565895  20.0209084
  63.4189949  19.5953064
  63.6746712  19.1656303
  63.9235725  18.7319965
  64.1656494  18.2945137
  64.4008484  17.8532925
  64.6291275  17.408453
  64.8504486  16.9601116
  65.0647812  16.5083885
  65.2721024  16.0534039
  65.4724045  15.5952854
  65.6656876  15.13416
  65.8519516  14.6701555
  66.0312119  14.2033997
  66.2034836  13.7340202
  66.368782  13.2621412
  66.5271378  12.7878857
  66.678566  12.3113728
  66.8231049  11.8327227
  66.9608459  11.3520746
  67.0920563  10.8696003
  67.2172928  10.3855419
  67.3377151  9.90026283
  67.4544296  9.41407681
  67.5682831  8.92721272
  67.679985  8.43984699
  67.7899323  7.95208311
  67.8984451  7.46399975
  68.0057526  6.97564888
  68.11203  6.48707151
  68.217392  5.9982996
  68.3219604  5.50935841
  68.4258347  5.02026749
  68.5290985  4.53104544
  68.6318054  4.04170656
  68.7340088  3.55226445
  68.8357697  3.06272936
  68.9371262  2.5731113
  69.0381241  2.08341885
  69.1388016  1.59365952
  69.2391815  1.10383999
  71.5103302 -10.
     *    *
  3.18993735  1.19746745
  3.2939775  1.68652344
  3.39820147  2.17554021
  3.50263596  2.66451192
  3.60731125  3.15343189
  3.71226192  3.64229321
  3.81752801  4.13108683
  3.92315459  4.619802
  4.02919579  5.108428
  4.1357131  5.59695053
  4.24278116  6.0853529
  4.35048676  6.5736146
  4.45894194  7.06171036
  4.5682807  7.54960871
  4.67868567  8.03726673
  4.79038763  8.52463055
  4.90373325  9.01161385
  5.0191803  9.49810314
  5.13748693  9.98390388
  5.25953484  10.4687777
  5.38646412  10.9523945
  5.51936007  11.4344044
  5.65871525  11.914587
  5.80478477  12.3927698
  5.95764637  12.868825
  6.11729956  13.3426447
  6.28373337  13.8141251
  6.45692492  14.2831659
  6.63685083  14.7496653
  6.8234849  15.213521
  7.0167985  15.674633
  7.21676016  16.1329021
  7.42333603  16.5882263
  7.63648939  17.0405102
  7.85618067  17.4896526
  8.08236885  17.9355602
  8.31500721  18.3781357
  8.55405045  18.8172855
  8.79944706  19.2529163
  9.05114651  19.6849365
  9.30909443  20.1132545
  9.57323551  20.5377846
  9.84350967  20.958437
  10.1198578  21.3751221
  10.402216  21.787756
  10.6905231  22.1962566
  10.9847136  22.600544
  11.2847176  23.0005322
  11.5904713  23.3961449
  11.9019041  23.787302
  12.2189455  24.1739292
  12.5415268  24.5559464
  12.8695793  24.9332752
  13.2030296  25.3058414
  13.5418062  25.6735706
  13.8858376  26.0363846
  14.2350521  26.3942165
  14.5893784  26.7469864
  14.9487429  27.0946236
  15.3130732  27.4370537
  15.6822958  27.7742004
  16.0563374  28.1059933
  16.4351254  28.4323578
  16.8185863  28.7532196
  17.2066441  29.0685043
  17.599226  29.3781395
  17.996254  29.6820507
  18.3976536  29.9801636
  18.8033447  30.2724056
  19.2132473  30.558712
  19.6272831  30.8390102
  20.0453701  31.1132355
  20.4674168  31.381321
  20.8933411  31.6432056
  21.3230515  31.8988285
  21.7564621  32.1481285
  22.1934814  32.3910446
  22.6340199  32.6275253
  23.0779819  32.8575096
  23.5252724  33.0809517
  23.9758015  33.2977905
  24.4294701  33.5079803
  24.8861828  33.7114716
  25.3458424  33.9082146
  25.8083496  34.0981636
  26.2736073  34.2812691
  26.7415123  34.4575005
  27.2119694  34.6268082
  27.6848755  34.7891502
  28.1601276  34.9444885
  28.6376228  35.0927849
  29.1172581  35.234005
  29.5989304  35.3681183
  30.0825329  35.4950905
  30.5679607  35.6148911
  31.0551128  35.7274895
  31.5438786  35.8328667
  32.0341492  35.9309883
  32.5258217  36.0218353
  33.0187874  36.1053886
  33.5129395  36.1816254
  34.0081596  36.2505188
  34.5043488  36.3120689
  35.0013962  36.3662529
  35.4991913  36.4130554
  35.9976311  36.4524689
  36.4965973  36.4844818
  36.9959869  36.5090828
  37.4956856  36.5262718
  37.9955864  36.5360374
  38.495575  36.5383835
  38.9955444  36.5332985
  39.4953842  36.5207863
  39.994976  36.5008507
  40.4942207  36.4734917
  40.9930038  36.4387169
  41.4912148  36.396534
  41.9887428  36.3469505
  42.4854813  36.289978
  42.9813156  36.2256279
  43.4761353  36.1539116
  43.969841  36.074852
  44.4623146  35.9884605
  44.9534492  35.8947563
  45.4431381  35.7937622
  45.9312668  35.6855011
  46.4177361  35.5699997
  46.9024315  35.4472771
  47.3852539  35.3173714
  47.8660927  35.1803093
  48.3448448  35.0361137
  48.8213997  34.8848267
  49.2956543  34.7264786
  49.7675095  34.5611076
  50.2368546  34.3887444
  50.7035904  34.2094345
  51.1676102  34.0232201
  51.6288223  33.830143
  52.0871162  33.6302414
  52.5423965  33.4235649
  52.9945602  33.2101555
  53.4435081  32.9900665
  53.8891373  32.7633438
  54.3313599  32.5300331
  54.7700729  32.2901917
  55.2051811  32.0438728
  55.6365967  31.7911301
  56.0642166  31.5320187
  56.4879456  31.2665977
  56.907692  30.9949284
  57.3233719  30.7170677
  57.7348824  30.4330769
  58.1421394  30.1430225
  58.5450592  29.8469658
  58.9435425  29.5449696
  59.3375168  29.2371025
  59.7268791  28.9234333
  60.111557  28.6040344
  60.4914589  28.2789688
  60.8665047  27.9483089
  61.2366104  27.6121292
  61.601696  27.2705021
  61.9616776  26.9235039
  62.3164787  26.571209
  62.6660118  26.2136917
  63.0102043  25.8510303
  63.3489838  25.4833031
  63.6822739  25.11059
  64.0099945  24.7329769
  64.3320847  24.3505459
  64.6484756  23.9633808
  64.9590912  23.5715694
  65.2638702  23.1752033
  65.5627518  22.7743702
  65.8556671  22.3691616
  66.1425629  21.9596691
  66.4234009  21.5459881
  66.6980896  21.1282139
  66.9666061  20.7064381
  67.2288895  20.2807598
  67.4848938  19.8512783
  67.734581  19.4180927
  67.9779129  18.9813061
  68.2148666  18.5410252
  68.4454193  18.0973587
  68.6695557  17.6504173
  68.887291  17.2003231
  69.0986328  16.7471924
  69.3036194  16.2911491
  69.5022736  15.8323135
  69.6946106  15.3707981
  69.8806915  14.9067163
  70.0605011  14.4401722
  70.2340469  13.9712629
  70.4013214  13.500082
  70.5623398  13.0267191
  70.717041  12.5512581
  70.8654327  12.0737896
  71.0075073  11.5944061
  71.1434326  11.1132402
  71.2734833  10.6304522
  71.3984985  10.1463366
  71.5195999  9.66122437
  71.6376877  9.17536926
  71.7534943  8.68896675
  71.8675385  8.20214367
  71.9801254  7.7149868
  72.0915298  7.22755575
  72.2019272  6.73989391
  72.3114471  6.25203514
  72.4202042  5.76400518
  72.5282898  5.27582693
  72.635788  4.78751755
  72.7427444  4.29909134
  72.8492279  3.81056261
  72.9552917  3.32194185
  73.0609741  2.83323908
  73.1663208  2.34446287
  73.2713699  1.85562086
  73.3761368  1.36671984
  75.8053055 -10.
     *    *
  3.18993735  1.19746745
  3.29397225  1.68652439
  3.39818048  2.1755445
  3.50258636  2.66452241
  3.60721993  3.15345168
  3.71211219  3.6423254
  3.81730103  4.13113546
  3.92282963  4.61987257
  4.02874804  5.1085248
  4.13511467  5.59707975
  4.2420001  6.0855217
  4.3494854  6.57383204
  4.45767641  7.06198645
  4.56669855  7.54995584
  4.67672491  8.0376997
  4.78797245  8.52516651
  4.90076733  9.01227665
  5.01554155  9.49892426
  5.133008  9.98492813
  5.25399971  10.470067
  5.37959146  10.9540339
  5.51080513  11.4365053
  5.64810658  11.9172792
  5.79173517  12.3962002
  5.94176722  12.8731537
  6.09820509  13.3480453
  6.26103973  13.8207827
  6.43025303  14.2912741
  6.60582542  14.7594299
  6.78773499  15.2251596
  6.97595739  15.6883745
  7.1704669  16.1489849
  7.37123489  16.6069012
  7.57822895  17.0620365
  7.79141712  17.5143032
  8.01076412  17.9636154
  8.23623085  18.4098873
  8.46777725  18.853035
  8.70536041  19.2929783
  8.94893551  19.7296314
  9.19845581  20.1629162
  9.45387268  20.5927505
  9.71513557  21.0190563
  9.98219395  21.4417572
  10.2549925  21.860775
  10.5334759  22.2760372
  10.8175879  22.6874695
  11.1072693  23.0949974
  11.402463  23.4985523
  11.7031088  23.8980598
  12.0091457  24.2934532
  12.3205147  24.6846638
  12.6371546  25.071619
  12.9590034  25.4542522
  13.2860003  25.8324966
  13.618084  26.2062817
  13.9551926  26.5755405
  14.2972641  26.9402065
  14.6442356  27.3002129
  14.996047  27.6554928
  15.3526335  28.0059776
  15.7139339  28.3516026
  16.0798855  28.6923008
  16.450428  29.027998
  16.8254948  29.358633
  17.2050247  29.6841354
  17.5889568  30.0044346
  17.9772224  30.3194675
  18.3697586  30.6291618
  18.7664967  30.9334564
  19.1673698  31.2322826
  19.5723038  31.5255775
  19.9812317  31.8132801
  20.3940811  32.0953255
  20.8107777  32.3716583
  21.2312412  32.6422234
  21.6553974  32.9069633
  22.083168  33.1658173
  22.5144749  33.4187355
  22.9492397  33.6656609
  23.3873806  33.9065514
  23.8288155  34.141346
  24.2734604  34.3700104
  24.7212334  34.5924835
  25.1720505  34.8087234
  25.6258259  35.0186844
  26.0824776  35.2223167
  26.541914  35.4195747
  27.0040512  35.6104279
  27.4687996  35.7948303
  27.9360714  35.9727402
  28.4057789  36.1441193
  28.8778267  36.3089333
  29.3521309  36.4671478
  29.8285961  36.6187248
  30.3071308  36.7636414
  30.7876434  36.9018593
  31.2700348  37.0333519
  31.7542191  37.1580925
  32.240097  37.2760582
  32.7275734  37.3872223
  33.2165565  37.4915619
  33.7069511  37.5890503
  34.1986618  37.6796722
  34.6915932  37.7634125
  35.1856499  37.8402519
  35.6807327  37.9101715
  36.1767464  37.9731598
  36.6735878  38.0292015
  37.1711693  38.0782967
  37.669384  38.1204147
  38.1681404  38.1555595
  38.6673431  38.1837234
  39.166893  38.204895
  39.6666908  38.2190742
  40.1666336  38.2262573
  40.666626  38.2264404
  41.1665726  38.2196236
  41.6663742  38.2058067
  42.1659355  38.1849899
  42.6651611  38.1571846
  43.1639481  38.1223869
  43.6621971  38.0806122
  44.1598053  38.0318604
  44.6566849  37.9761467
  45.1527405  37.913475
  45.6478653  37.8438644
  46.1419601  37.7673264
  46.6349449  37.683876
  47.126709  37.5935287
  47.6171608  37.4962959
  48.1062012  37.3922081
  48.5937347  37.2812805
  49.0796661  37.1635361
  49.5639  37.0389977
  50.0463409  36.9076881
  50.5268936  36.7696381
  51.0054741  36.6248741
  51.4819794  36.4734154
  51.9563141  36.3153038
  52.4283943  36.1505699
  52.8981171  35.979248
  53.3653984  35.8013649
  53.830143  35.6169624
  54.2922668  35.4260788
  54.7516708  35.2287521
  55.208271  35.025013
  55.6619835  34.8149147
  56.1127167  34.5984993
  56.560379  34.3758049
  57.0048904  34.1468849
  57.4461594  33.9117737
  57.8841019  33.6705208
  58.3186302  33.4231758
  58.7496681  33.1697884
  59.177124  32.9104118
  59.6009178  32.6450996
  60.0209694  32.3738976
  60.4371948  32.096859
  60.8495178  31.8140411
  61.2578545  31.5255013
  61.6621284  31.2312946
  62.0622635  30.9314785
  62.4581757  30.6261139
  62.8497925  30.3152561
  63.2370377  29.9989719
  63.6198349  29.6773186
  63.9981117  29.350359
  64.3717957  29.018158
  64.7408142  28.6807823
  65.1050797  28.3382969
  65.4645462  27.9907684
  65.8191452  27.6382656
  66.1687927  27.280859
  66.5134201  26.9186096
  66.8529663  26.5515957
  67.1873627  26.179884
  67.5165482  25.8035469
  67.8404541  25.4226589
  68.1590195  25.0372925
  68.4721909  24.6475239
  68.7799072  24.2534389
  69.0821075  23.8551102
  69.3787537  23.4526196
  69.6697845  23.046051
  69.9551468  22.6354866
  70.2348022  22.2210121
  70.5086975  21.8027134
  70.7768021  21.3806725
  71.0390778  20.9549847
  71.2954788  20.5257378
  71.54599  20.0930195
  71.7905731  19.6569309
  72.0292206  19.2175636
  72.2619171  18.7750168
  72.4886627  18.3293934
  72.709465  17.8807964
  72.9243469  17.4293308
  73.1333237  16.9751034
  73.3364258  16.518219
  73.5336685  16.058773
  73.7250671  15.5968609
  73.9106216  15.1325712
  74.090332  14.665987
  74.264183  14.1971884
  74.4321442  13.7262516
  74.5942307  13.253252
  74.7503738  12.778264
  74.900589  12.3013649
  75.0448456  11.8226328
  75.1832199  11.3421679
  75.3159103  10.8601007
  75.4434128  10.3766336
  75.5667496  9.89208508
  75.6868744  9.40673256
  75.8045578  8.92077923
  75.9203949  8.43438244
  76.0347443  7.94763374
  76.1478958  7.4606061
  76.2600479  6.97334433
  76.3713303  6.48588657
  76.4818802  5.9982605
  76.5917892  5.51048994
  76.7011337  5.02259254
  76.8099823  4.53458405
  76.918396  4.04647779
  77.0264282  3.55828571
  77.1341019  3.0700171
  77.241478  2.58168077
  77.3485718  2.09328365
  77.4554138  1.60483301
  77.5620346  1.11633432
  79.9850693 -10.
     *    *
