  24.4398041  19.7911625
  24.5025482  4.84172392
  24.5652943  10.7475262
  24.6280384  9.21069527
  24.6907845  9.10386276
  24.7535286  20.2152863
  24.8162746  16.6377125
  24.8790188  20.3717613
  24.9417648  21.8322792
  25.004509  20.1045322
  25.067255  19.883852
  25.1299992  28.4849567
  25.1927452  25.9696312
  25.2554893  42.2937355
  25.3182354  40.6440773
  25.3809795  43.0410881
  25.4437256  35.8724556
  25.5064697  37.2027245
  25.5692158  45.9741211
  25.6319599  50.0027809
  25.694706  46.7158279
  25.7574501  49.6696777
  25.8201962  61.4464645
  25.8829403  53.9098206
  25.9456863  53.000103
  26.0084305  51.6292114
  26.0711765  51.1023598
  26.1339207  45.8965797
  26.1966667  47.9921646
  26.2594109  48.7021484
  26.3221569  52.9256897
  26.384901  43.4537354
  26.4476471  54.1681175
  26.5103912  49.1161995
  26.5731373  56.1890869
  26.6358814  51.9626122
  26.6986275  53.2206841
  26.7613716  53.4977112
  26.8241177  48.6359558
  26.8868618  55.811306
  26.9496078  58.2235336
  27.012352  51.0466156
  27.075098  55.0278625
  27.1378422  55.534893
  27.2005882  57.1510315
  27.2633324  52.7760658
  27.3260784  56.545887
  27.3888226  43.6253357
  27.4515686  55.1256256
  27.5143127  46.8371964
  27.5770588  48.7269478
  27.6398029  42.8299179
  27.702549  36.3082085
  27.7652931  51.1402931
  27.8280392  54.1685524
  27.8907833  42.2188759
  27.9535294  48.6048431
  28.0162735  42.7666588
  28.0790195  38.6565208
  28.1417637  47.9727097
  28.2045097  37.7021637
  28.2672539  28.5000305
  28.3299999  27.0062313
  28.3927441  13.8221188
  28.4554901  21.4056377
  28.5182343  13.72223
  28.5809803  14.1070814
  28.6437244  12.143918
  28.7064705  10.4878368
  28.7692146  5.969491
  28.8319607  2.667485
  28.8947048  1.15472794
  28.9574509  2.49247718
  29.020195  2.04547191
  29.0829411  2.12538528
     *       *   
  27.924118  7.44636297
  27.9864712  3.58884048
  28.0488243  3.59064555
  28.1111774  4.65356159
  28.1735306  8.66989994
  28.2358837  9.09776688
  28.2982368  12.2838907
  28.3605881  14.744195
  28.4229412  20.6662788
  28.4852943  19.8662148
  28.5476475  18.5688725
  28.6100006  22.5522099
  28.6723537  29.1871853
  28.7347069  42.6021309
  28.79706  30.5491543
  28.8594131  38.994091
  28.9217663  47.7421532
  28.9841175  45.1306
  29.0464706  48.1903992
  29.1088238  58.4295616
  29.1711769  40.7762337
  29.23353  57.8783684
  29.2958832  41.6849976
  29.3582363  61.3798065
  29.4205894  50.3117256
  29.4829426  44.7372017
  29.5452957  60.7868156
  29.6076469  51.2370529
  29.6700001  48.65448
  29.7323532  58.3593979
  29.7947063  60.9345055
  29.8570595  49.9239388
  29.9194126  63.5240555
  29.9817657  55.2379036
  30.0441189  58.2977142
  30.106472  52.7667198
  30.1688251  57.1683769
  30.2311764  59.4554634
  30.2935295  62.4609261
  30.3558826  60.0072975
  30.4182358  45.2920837
  30.4805889  56.4394112
  30.542942  55.6294823
  30.6052952  50.3266869
  30.6676483  49.2153625
  30.7300014  51.5931091
  30.7923546  49.3251686
  30.8547058  56.047718
  30.9170589  52.1100883
  30.9794121  47.8509941
  31.0417652  46.4942017
  31.1041183  57.1885529
  31.1664715  49.1398888
  31.2288246  50.5370483
  31.2911777  55.8908997
  31.3535309  44.855011
  31.415884  51.3259506
  31.4782352  39.5163956
  31.5405884  41.4490585
  31.6029415  31.1835403
  31.6652946  36.4566879
  31.7276478  27.9770832
  31.7900009  27.914053
  31.852354  23.1618538
  31.9147072  18.801384
  31.9770603  9.51171017
  32.0394135  10.5801029
  32.1017647  8.50896931
  32.1641197  4.10642529
  32.2264709  4.26410151
  32.288826  2.76270556
  32.3511772  1.55915189
  32.4135284  2.16757536
  32.4758835  0.160455018
  32.5382347  0.48275739
     *       *   
  31.3484325  5.12411308
  31.4103928  1.98632395
  31.472353  3.07480979
  31.5343151  3.73494768
  31.5962753  4.60855103
  31.6582355  6.27546167
  31.7201958  11.1895914
  31.7821579  9.96953011
  31.8441181  14.9140673
  31.9060783  20.4374886
  31.9680405  22.2391644
  32.0299988  30.8273258
  32.0919609  29.924963
  32.153923  41.5425987
  32.2158813  41.2426071
  32.2778435  40.8537636
  32.3398056  45.7267342
  32.4017639  44.0766945
  32.463726  42.1692047
  32.5256882  46.7556953
  32.5876465  43.9048233
  32.6496086  50.7672234
  32.7115707  56.3600388
  32.7735291  53.8554916
  32.8354912  57.340519
  32.8974533  58.5897102
  32.9594116  54.3357353
  33.0213737  50.5112877
  33.0833321  42.2803802
  33.1452942  47.8639297
  33.2072563  66.2918015
  33.2692146  53.9745979
  33.3311768  57.6465073
  33.3931389  51.8697586
  33.4550972  49.4321442
  33.5170593  62.6929932
  33.5790215  54.1650734
  33.6409798  47.2894821
  33.7029419  53.9940681
  33.764904  56.3067818
  33.8268623  58.6586266
  33.8888245  50.3272629
  33.9507866  66.250946
  34.0127449  59.4671936
  34.074707  65.1268539
  34.1366692  49.7623253
  34.1986275  54.2661324
  34.2605896  64.9302597
  34.3225479  48.2629776
  34.38451  54.390995
  34.4464722  55.4340248
  34.5084305  54.7251244
  34.5703926  57.2483864
  34.6323547  46.0247765
  34.694313  49.008812
  34.7562752  44.3730621
  34.8182373  52.8521271
  34.8801956  34.8346062
  34.9421577  47.5378685
  35.0041199  46.4183388
  35.0660782  34.7024345
  35.1280403  29.946579
  35.1900024  30.2110577
  35.2519608  22.0654736
  35.3139229  15.3792791
  35.3758812  9.47594166
  35.4378433  8.47774696
  35.4998055  5.62332916
  35.5617638  1.98484206
  35.6237259  3.59250665
  35.685688  2.59159923
  35.7476463  0.281110406
  35.8096085  0.659076154
  35.8715706  0.318863302
  35.9335289  0.289530814
     *       *   
  34.7613716  1.24714112
  34.822155  1.46141422
  34.8829422  2.20983195
  34.9437256  3.33009267
  35.004509  2.75148368
  35.0652924  12.1914406
  35.1260796  7.15882444
  35.1868629  11.4647779
  35.2476463  11.4133892
  35.3084297  19.6979771
  35.3692169  23.7663937
  35.4300003  26.576786
  35.4907837  41.0570984
  35.5515671  44.9614449
  35.6123543  44.9072151
  35.6731377  55.0428352
  35.7339211  52.0613785
  35.7947044  49.2882538
  35.8554916  58.1612473
  35.916275  42.1429329
  35.9770584  53.7591286
  36.0378418  58.3196144
  36.0986252  60.336628
  36.1594124  57.4062614
  36.2201958  54.9656792
  36.2809792  47.6228256
  36.3417625  48.4122849
  36.4025497  56.368187
  36.4633331  39.4803734
  36.5241165  51.2599525
  36.5848999  39.5022125
  36.6456871  54.165699
  36.7064705  61.9537582
  36.7672539  58.2665482
  36.8280373  52.2705803
  36.8888245  50.3124809
  36.9496078  48.4014168
  37.0103912  52.3101578
  37.0711746  57.7748108
  37.1319618  57.076313
  37.1927452  58.1338272
  37.2535286  69.7992172
  37.314312  50.989315
  37.3750992  51.2989769
  37.4358826  65.2017441
  37.496666  46.5326805
  37.5574493  53.5993462
  37.6182365  57.1599007
  37.6790199  50.6378174
  37.7398033  50.7008858
  37.8005867  40.0224724
  37.8613739  64.8253021
  37.9221573  51.9947128
  37.9829407  59.3715858
  38.0437241  50.9962883
  38.1045074  60.7898102
  38.1652946  42.2430687
  38.226078  51.635643
  38.2868614  38.1871071
  38.3476448  41.4515038
  38.408432  38.8630371
  38.4692154  28.2408676
  38.5299988  25.4753551
  38.5907822  20.8080311
  38.6515694  14.501915
  38.7123528  11.353735
  38.7731361  6.02540016
  38.8339195  4.5077939
  38.8947067  2.81933188
  38.9554901  2.9126339
  39.0162735  1.06378889
  39.0770569  0.631428361
  39.1378441  0.118212461
  39.1986275  0.
  39.2594109  0.
     *       *   
  38.1156845  1.00948846
  38.1760788  0.181248233
  38.2364693  1.75611401
  38.2968636  0.802956223
  38.357254  2.66548467
  38.4176483  4.23053694
  38.4780388  7.25565481
  38.5384293  14.7562199
  38.5988235  18.3328991
  38.659214  22.1686211
  38.7196083  24.0692616
  38.7799988  28.2208195
  38.8403931  31.8811569
  38.9007835  31.3332691
  38.9611778  52.7057114
  39.0215683  46.0189934
  39.0819588  49.0522652
  39.1423531  45.8340721
  39.2027435  48.3635635
  39.2631378  57.0292435
  39.3235283  59.4432678
  39.3839226  65.8629303
  39.444313  52.1430397
  39.5047073  52.2134209
  39.5650978  49.9415703
  39.6254883  60.2300301
  39.6858826  48.8809013
  39.746273  59.7346115
  39.8066673  61.7586136
  39.8670578  55.357151
  39.9274521  62.9982452
  39.9878426  63.7914047
  40.0482368  61.5630951
  40.1086273  59.524231
  40.1690178  56.258213
  40.2294121  48.5307007
  40.2898026  61.6886826
  40.3501968  56.5079384
  40.4105873  49.5609055
  40.4709816  59.2583733
  40.5313721  72.6085739
  40.5917625  57.4594688
  40.6521568  44.3015213
  40.7125473  52.16502
  40.7729416  53.8755951
  40.8333321  57.354805
  40.8937263  48.2532463
  40.9541168  48.198658
  41.0145111  59.6086044
  41.0749016  58.895443
  41.1352921  55.0428925
  41.1956863  52.8341675
  41.2560768  50.7390251
  41.3164711  57.3262863
  41.3768616  45.7598
  41.4372559  48.2159424
  41.4976463  46.0883141
  41.5580406  44.9235268
  41.6184311  39.634861
  41.6788216  44.7319221
  41.7392159  42.5351486
  41.7996063  28.3536186
  41.8600006  24.295311
  41.9203911  23.2057476
  41.9807854  13.3062763
  42.0411758  10.4261866
  42.1015701  5.25516701
  42.1619606  2.74847746
  42.2223511  1.9831816
  42.2827454  0.47667855
  42.3431358  0.0968673304
  42.4035301  0.
  42.4639206  0.
  42.5243149  0.179198399
  42.5847054  0.
     *       *   
  41.4400024  0.0378482379
  41.5  0.134821922
  41.5600014  0.989471912
  41.6200027  2.96423411
  41.6800003  2.06827712
  41.7400017  3.11576557
  41.7999992  4.74536848
  41.8600006  9.99877739
  41.920002  16.4212646
  41.9799995  20.3532276
  42.0400009  22.364418
  42.1000023  32.1117897
  42.1599998  29.8517513
  42.2200012  37.6689186
  42.2800026  34.4572983
  42.3400002  62.4509048
  42.4000015  58.6431465
  42.4600029  53.3323669
  42.5200005  46.6368256
  42.5800018  56.525425
  42.6399994  52.3498001
  42.7000008  46.2319412
  42.7600021  67.3063126
  42.8199997  54.1708298
  42.8800011  49.3150253
  42.9400024  58.384201
  43.  54.75597
  43.0600014  50.69701
  43.1200027  53.7695961
  43.1800003  48.5153618
  43.2400017  49.7533875
  43.2999992  45.9311943
  43.3600006  60.3478928
  43.420002  62.2553711
  43.4799995  57.7299728
  43.5400009  62.9469337
  43.6000023  47.3936615
  43.6599998  51.7405281
  43.7200012  58.1505127
  43.7800026  50.8835297
  43.8400002  59.6121063
  43.9000015  50.4029198
  43.9600029  55.8011703
  44.0200005  70.4352951
  44.0800018  61.1196976
  44.1399994  47.4447212
  44.2000008  46.8932152
  44.2600021  54.8183403
  44.3199997  43.0652504
  44.3800011  49.6880875
  44.4400024  55.6012917
  44.5  47.2764549
  44.5600014  61.2585373
  44.6200027  47.0468674
  44.6800003  57.6737022
  44.7400017  55.4150772
  44.7999992  53.6802673
  44.8600006  51.6587296
  44.920002  42.4799461
  44.9799995  44.1514015
  45.0400009  33.3450623
  45.1000023  32.7495537
  45.1599998  25.5239792
  45.2200012  25.5510998
  45.2800026  17.1122131
  45.3400002  8.43043613
  45.4000015  3.95899177
  45.4600029  4.56901026
  45.5200005  1.65873027
  45.5800018  0.52179569
  45.6399994  0.206356898
  45.7000008  0.
  45.7600021  0.373611718
  45.8199997  0.
  45.8800011  0.
     *       *   
  44.7543144  0.
  44.8139229  0.
  44.8735313  0.0585475601
  44.933136  0.63046217
  44.9927444  0.38751933
  45.0523529  2.02061772
  45.1119614  6.21325016
  45.1715698  6.89825583
  45.2311783  14.7571888
  45.2907829  17.614418
  45.3503914  16.6368866
  45.4099998  36.697567
  45.4696083  43.5440788
  45.5292168  38.8321762
  45.5888252  55.7772179
  45.6484299  44.5203934
  45.7080383  45.7458801
  45.7676468  54.7662735
  45.8272552  56.4996643
  45.8868637  55.9106979
  45.9464722  55.3238106
  46.0060806  51.3626442
  46.0656853  75.7721786
  46.1252937  54.7826233
  46.1849022  54.6544418
  46.2445107  59.9297295
  46.3041191  69.2422256
  46.3637276  49.4708023
  46.4233322  53.5433922
  46.4829407  52.9178429
  46.5425491  55.3185883
  46.6021576  41.080452
  46.6617661  55.2935562
  46.7213745  54.4132957
  46.7809792  58.4284554
  46.8405876  48.976902
  46.9001961  47.0561562
  46.9598045  51.3117256
  47.019413  52.6684647
  47.0790215  41.5618858
  47.1386261  60.6086273
  47.1982346  51.3467598
  47.257843  60.2027969
  47.3174515  50.4475632
  47.3770599  60.9092369
  47.4366684  59.956398
  47.496273  56.0355186
  47.5558815  55.3065796
  47.61549  49.2100945
  47.6750984  50.1224442
  47.7347069  47.3083229
  47.7943153  65.4458618
  47.85392  57.6491127
  47.9135284  53.6531906
  47.9731369  52.1549835
  48.0327454  62.5069389
  48.0923538  46.6429062
  48.1519623  50.7907486
  48.2115707  38.7517586
  48.2711754  48.0020561
  48.3307838  37.0097809
  48.3903923  25.107954
  48.4500008  26.5661144
  48.5096092  17.2491207
  48.5692177  12.2672796
  48.6288223  5.37939405
  48.6884308  6.50204897
  48.7480392  1.45843565
  48.8076477  0.314628392
  48.8672562  0.206176236
  48.9268646  0.170333192
  48.9864693  0.0999438539
  49.0460777  0.
  49.1056862  0.
  49.1652946  0.
     *       *   
  48.0343132  0.
  48.0939217  0.
  48.1535301  0.111452803
  48.2131348  0.319565356
  48.2727432  0.471889228
  48.3323517  0.590707421
  48.3919601  3.33338714
  48.4515686  5.09948349
  48.5111771  9.37103462
  48.5707817  18.7061462
  48.6303902  28.5833054
  48.6899986  36.9979668
  48.7496071  38.8886147
  48.8092155  36.1928444
  48.868824  42.5341034
  48.9284286  57.2677193
  48.9880371  49.8712654
  49.0476456  62.780262
  49.107254  62.2771759
  49.1668625  51.4601212
  49.2264709  50.3098526
  49.2860794  63.5885201
  49.3456841  47.9682884
  49.4052925  61.9016876
  49.464901  51.0532417
  49.5245094  56.3171349
  49.5841179  47.9273911
  49.6437263  52.0697479
  49.703331  59.3621559
  49.7629395  54.4147797
  49.8225479  60.8354149
  49.8821564  61.1997833
  49.9417648  51.9561615
  50.0013733  51.2335091
  50.0609779  57.9480705
  50.1205864  60.9427528
  50.1801949  60.579361
  50.2398033  52.0396118
  50.2994118  51.6969795
  50.3590202  46.8470612
  50.4186249  53.1210747
  50.4782333  50.37286
  50.5378418  46.5033302
  50.5974503  51.0583115
  50.6570587  54.3323669
  50.7166672  57.4705086
  50.7762718  56.2320175
  50.8358803  63.7410431
  50.8954887  59.3949509
  50.9550972  58.0065498
  51.0147057  72.5140076
  51.0743141  67.6438751
  51.1339188  47.7298927
  51.1935272  44.132576
  51.2531357  45.3652687
  51.3127441  48.6301308
  51.3723526  50.5197144
  51.4319611  55.852726
  51.4915695  59.6221771
  51.5511742  45.460022
  51.6107826  47.0730705
  51.6703911  33.5367966
  51.7299995  20.7893085
  51.789608  16.2581596
  51.8492165  11.979147
  51.9088211  5.76496935
  51.9684296  2.8351562
  52.028038  0.669394255
  52.0876465  0.813388467
  52.1472549  0.26125291
  52.2068634  0.105598643
  52.266468  0.270736545
  52.3260765  0.
  52.385685  0.
  52.4452934  0.
     *       *   
  51.3143158  0.
  51.3739243  0.104349405
  51.4335327  0.
  51.4931374  0.169903442
  51.5527458  0.156858578
  51.6123543  1.96865296
  51.6719627  2.67596102
  51.7315712  4.8004632
  51.7911797  6.41601372
  51.8507843  16.5095024
  51.9103928  23.8713894
  51.9700012  29.4592495
  52.0296097  39.0735207
  52.0892181  48.8926201
  52.1488266  45.8725319
  52.2084312  50.89217
  52.2680397  48.4093094
  52.3276482  49.822113
  52.3872566  57.5393753
  52.4468651  52.5214996
  52.5064735  55.2627068
  52.566082  46.4904213
  52.6256866  63.4179878
  52.6852951  68.1978149
  52.7449036  66.7045746
  52.804512  55.1260338
  52.8641205  53.4367409
  52.9237289  70.7481384
  52.9833336  46.1855202
  53.042942  45.5893898
  53.1025505  48.6222534
  53.162159  58.2043304
  53.2217674  48.6141968
  53.2813759  38.5424423
  53.3409805  45.5904579
  53.400589  57.8920326
  53.4601974  50.6293373
  53.5198059  49.3326416
  53.5794144  55.7074585
  53.6390228  63.1273689
  53.6986275  59.5980301
  53.7582359  58.249382
  53.8178444  54.1886635
  53.8774529  69.7003021
  53.9370613  60.0030098
  53.9966698  48.2803116
  54.0562744  50.6402206
  54.1158829  54.3049812
  54.1754913  59.1470947
  54.2350998  48.5105057
  54.2947083  52.4653091
  54.3543167  50.7430458
  54.4139214  50.7184639
  54.4735298  64.5152054
  54.5331383  51.4609566
  54.5927467  56.8184471
  54.6523552  70.2824402
  54.7119637  56.2078362
  54.7715721  61.2943916
  54.8311768  47.0762482
  54.8907852  30.060461
  54.9503937  41.9975166
  55.0100021  24.4618454
  55.0696106  13.7956343
  55.1292191  11.4509287
  55.1888237  3.61911941
  55.2484322  2.40849376
  55.3080406  0.96755141
  55.3676491  0.
  55.4272575  0.0874485075
  55.486866  0.
  55.5464706  0.
  55.6060791  0.
  55.6656876  0.
  55.725296  0.
     *       *   
  54.5943146  0.
  54.653923  0.
  54.7135315  0.
  54.7731361  0.
  54.8327446  0.57642585
  54.8923531  0.945644438
  54.9519615  1.26360154
  55.01157  3.36813569
  55.0711784  11.5221214
  55.1307831  17.7506104
  55.1903915  18.4412479
  55.25  32.3887711
  55.3096085  40.2541389
  55.3692169  45.8821449
  55.4288254  54.437664
  55.48843  54.3994408
  55.5480385  56.6254883
  55.6076469  52.267086
  55.6672554  51.3374481
  55.7268639  51.0414238
  55.7864723  56.6347046
  55.8460808  55.8789101
  55.9056854  47.8596649
  55.9652939  54.203743
  56.0249023  58.2665176
  56.0845108  54.6269073
  56.1441193  47.8297997
  56.2037277  63.399292
  56.2633324  58.5165672
  56.3229408  59.2428474
  56.3825493  58.8404579
  56.4421577  60.393322
  56.5017662  39.1771126
  56.5613747  62.1665001
  56.6209793  59.2364273
  56.6805878  66.8135757
  56.7401962  55.0835953
  56.7998047  49.8161469
  56.8594131  53.1269798
  56.9190216  47.208416
  56.9786263  59.2801971
  57.0382347  55.8156853
  57.0978432  48.8846436
  57.1574516  62.1769485
  57.2170601  67.7678146
  57.2766685  50.2435875
  57.3362732  55.6063614
  57.3958817  65.827095
  57.4554901  50.0030632
  57.5150986  50.6947289
  57.574707  60.5704994
  57.6343155  52.7590637
  57.6939201  60.712326
  57.7535286  53.0856438
  57.8131371  61.2381439
  57.8727455  56.3498688
  57.932354  57.2593956
  57.9919624  53.8305092
  58.0515709  50.4906578
  58.1111755  42.7858276
  58.170784  37.8189163
  58.2303925  33.6319847
  58.2900009  26.5649223
  58.3496094  18.6112766
  58.4092178  7.31300306
  58.4688225  5.17907667
  58.5284309  2.80115724
  58.5880394  0.377368331
  58.6476479  0.139766783
  58.7072563  0.
  58.7668648  0.
  58.8264694  0.
  58.8860779  0.
  58.9456863  0.
  59.0052948  0.
     *       *   
  57.8743134  0.
  57.9339218  0.
  57.9935303  0.100914039
  58.0531349  0.
  58.1127434  0.
  58.1723518  0.12228629
  58.2319603  2.35001254
  58.2915688  1.93579245
  58.3511772  9.58800793
  58.4107819  7.55757666
  58.4703903  28.132534
  58.5299988  37.9322815
  58.5896072  38.9221458
  58.6492157  57.2150879
  58.7088242  59.7446785
  58.7684288  63.2360229
  58.8280373  68.1960602
  58.8876457  50.5059357
  58.9472542  65.2536926
  59.0068626  57.2242126
  59.0664711  49.4681091
  59.1260796  63.6457024
  59.1856842  53.5150604
  59.2452927  61.9881859
  59.3049011  53.7922554
  59.3645096  46.102787
  59.424118  58.2453651
  59.4837265  54.9837341
  59.5433311  61.6808357
  59.6029396  58.4466171
  59.6625481  54.5430069
  59.7221565  53.2106819
  59.781765  56.8122787
  59.8413734  47.2218742
  59.9009781  57.519104
  59.9605865  55.8667107
  60.020195  57.0453644
  60.0798035  49.8399048
  60.1394119  56.7538071
  60.1990204  51.7311172
  60.258625  55.8597069
  60.3182335  55.4915466
  60.3778419  53.1629601
  60.4374504  56.4812355
  60.4970589  55.0419159
  60.5566673  55.1203842
  60.616272  64.0059509
  60.6758804  45.2137375
  60.7354889  50.3742294
  60.7950974  51.6102524
  60.8547058  60.945549
  60.9143143  50.8771744
  60.9739189  55.1692162
  61.0335274  53.0977364
  61.0931358  64.2814178
  61.1527443  55.3580284
  61.2123528  54.1354942
  61.2719612  47.7531929
  61.3315697  49.6569176
  61.3911743  38.674675
  61.4507828  48.8175621
  61.5103912  28.5366116
  61.5699997  16.8390484
  61.6296082  14.6194334
  61.6892166  8.67562962
  61.7488213  2.6184113
  61.8084297  1.21288085
  61.8680382  0.
  61.9276466  0.
  61.9872551  0.
  62.0468636  0.
  62.1064682  0.
  62.1660767  0.
  62.2256851  0.
  62.2852936  0.
     *       *   
  61.1686287  0.
  61.2278442  0.
  61.2870598  0.
  61.3462753  0.
  61.4054909  0.
  61.4647064  0.158952564
  61.523922  0.790693283
  61.5831375  3.37412643
  61.6423531  9.19844913
  61.7015686  18.969408
  61.760788  23.6416798
  61.8200035  39.4230881
  61.8792191  39.8489532
  61.9384346  45.0374985
  61.9976501  54.1385269
  62.0568657  52.0014191
  62.1160812  56.806385
  62.1752968  51.2494583
  62.2345123  68.9805603
  62.2937279  56.8784218
  62.3529434  63.9970589
  62.412159  50.8462944
  62.4713745  62.9029541
  62.5305901  58.4293098
  62.5898056  55.8861504
  62.6490211  51.2537537
  62.7082367  52.0545387
  62.7674522  62.4898605
  62.8266678  50.9630775
  62.8858833  60.6369858
  62.9450989  54.0066605
  63.0043144  49.3318138
  63.06353  50.7100143
  63.1227455  53.2787399
  63.1819611  55.5796776
  63.2411766  59.3730125
  63.3003922  56.6761665
  63.3596115  57.4921379
  63.4188271  56.2402039
  63.4780426  48.6653137
  63.5372581  53.2747345
  63.5964737  69.4846725
  63.6556892  58.8012238
  63.7149048  52.9568024
  63.7741203  47.5653572
  63.8333359  46.0099754
  63.8925514  49.5910225
  63.951767  60.6126595
  64.0109787  59.2124443
  64.0701981  51.5437584
  64.1294098  46.0862923
  64.1886292  49.7209396
  64.2478485  65.2286377
  64.3070602  57.8010445
  64.3662796  58.0295296
  64.4254913  55.1585693
  64.4847107  56.0889702
  64.5439224  51.0092506
  64.6031418  61.1184616
  64.6623535  47.3515244
  64.7215729  42.422966
  64.7807846  39.3784256
  64.840004  19.4002819
  64.8992157  13.104393
  64.9584351  4.39048338
  65.0176468  0.22359328
  65.0768661  0.877611458
  65.1360779  0.13562344
  65.1952972  0.
  65.254509  0.
  65.3137283  0.
  65.3729401  0.
  65.4321594  0.
  65.4913712  0.
  65.5505905  0.
     *       *   
  64.428627  0.
  64.4878387  0.
  64.5470581  0.
  64.6062698  0.
  64.6654892  0.330207884
  64.7247009  0.
  64.7839203  0.
  64.843132  2.20287919
  64.9023514  7.76591635
  64.9615631  14.7926054
  65.0207825  18.9703979
  65.0799942  29.3921318
  65.1392136  47.0937653
  65.1984253  44.0097847
  65.2576447  54.6253586
  65.3168564  71.2513885
  65.3760757  50.7705574
  65.4352875  56.9017105
  65.4945068  50.584938
  65.5537186  62.2807083
  65.6129379  60.2922935
  65.6721497  57.6893082
  65.731369  50.9008064
  65.7905884  61.0929184
  65.8498001  54.0714264
  65.9090195  47.2967491
  65.9682312  59.7860413
  66.0274506  56.1220512
  66.0866623  59.2715416
  66.1458817  64.3066177
  66.2050934  64.8492126
  66.2643127  54.8622093
  66.3235245  51.7740364
  66.3827438  53.9203796
  66.4419556  48.9994965
  66.5011749  47.4675102
  66.5603867  50.9672012
  66.619606  53.403389
  66.6788177  57.138031
  66.7380371  64.9761124
  66.7972488  59.4780998
  66.8564682  58.6356621
  66.9156799  50.5882149
  66.9748993  58.0551605
  67.034111  58.5389709
  67.0933304  62.7986259
  67.1525421  47.4315758
  67.2117615  52.6731987
  67.2709732  47.4209633
  67.3301926  47.9529305
  67.3894043  46.6303482
  67.4486237  53.6069565
  67.507843  61.6383476
  67.5670547  50.986763
  67.6262741  52.2728729
  67.6854858  58.077919
  67.7447052  55.508152
  67.8039169  52.5095215
  67.8631363  59.7729645
  67.922348  66.003685
  67.9815674  40.3983154
  68.0407791  33.2555466
  68.0999985  27.5197296
  68.1592102  13.9506865
  68.2184296  4.9987855
  68.2776413  2.40881228
  68.3368607  0.
  68.3960724  0.
  68.4552917  0.
  68.5145035  0.
  68.5737228  0.
  68.6329346  0.
  68.6921539  0.
  68.7513657  0.
  68.810585  0.
     *       *   
  67.6986313  0.
  67.757843  0.
  67.8170624  0.
  67.8762741  0.
  67.9354935  0.
  67.9947052  0.
  68.0539246  0.539538145
  68.1131363  3.95039344
  68.1723557  3.13803768
  68.2315674  7.29773521
  68.2907867  17.8152275
  68.3499985  39.4237785
  68.4092178  45.211998
  68.4684296  45.0932808
  68.5276489  45.4009438
  68.5868607  62.3040352
  68.64608  62.3544006
  68.7052917  53.3394737
  68.7645111  55.9033813
  68.8237228  60.1872406
  68.8829422  55.8336372
  68.9421539  65.9150772
  69.0013733  51.1309395
  69.0605927  48.1774216
  69.1198044  52.9104118
  69.1790237  62.1345024
  69.2382355  57.0195618
  69.2974548  56.2084503
  69.3566666  53.1647949
  69.4158859  60.3700256
  69.4750977  58.2385597
  69.534317  53.3302155
  69.5935287  59.1580124
  69.6527481  61.254612
  69.7119598  66.1207123
  69.7711792  53.8985329
  69.8303909  61.9238663
  69.8896103  51.4393349
  69.948822  53.9320374
  70.0080414  59.9774857
  70.0672531  60.3827629
  70.1264725  60.9841881
  70.1856842  44.8188362
  70.2449036  55.1963615
  70.3041153  56.3639297
  70.3633347  68.9972076
  70.4225464  60.4677773
  70.4817657  48.1164207
  70.5409775  55.7867126
  70.6001968  57.6435509
  70.6594086  50.6279984
  70.7186279  57.4173813
  70.7778473  54.0437737
  70.837059  45.5841103
  70.8962784  48.2120667
  70.9554901  59.8223381
  71.0147095  50.1798058
  71.0739212  57.2900848
  71.1331406  56.0081253
  71.1923523  42.3412628
  71.2515717  43.8823204
  71.3107834  30.8701897
  71.3700027  21.13521
  71.4292145  11.9910765
  71.4884338  2.66713047
  71.5476456  0.947530925
  71.6068649  0.170665652
  71.6660767  0.
  71.725296  0.
  71.7845078  0.
  71.8437271  0.
  71.9029388  0.
  71.9621582  0.
  72.0213699  0.
  72.0805893  0.
     *       *   
  70.9586334  0.
  71.0178452  0.
  71.0770645  0.
  71.1362762  0.
  71.1954956  0.
  71.2547073  0.
  71.3139267  0.250696301
  71.3731384  0.988950014
  71.4323578  1.51131785
  71.4915695  12.1001225
  71.5507889  26.3477421
  71.6100006  29.7348251
  71.66922  51.0412445
  71.7284317  65.5864105
  71.7876511  54.0264168
  71.8468628  60.3833275
  71.9060822  55.2894821
  71.9652939  56.9387703
  72.0245132  66.4164276
  72.083725  60.325264
  72.1429443  54.1115379
  72.2021561  58.0232849
  72.2613754  49.9777794
  72.3205948  48.2329216
  72.3798065  48.1167183
  72.4390259  56.8270493
  72.4982376  64.2099533
  72.557457  51.1161385
  72.6166687  54.3339996
  72.6758881  52.9370193
  72.7350998  52.3281937
  72.7943192  61.1666374
  72.8535309  44.7934036
  72.9127502  56.9264526
  72.971962  55.2255554
  73.0311813  61.4425507
  73.0903931  55.0994568
  73.1496124  57.1026192
  73.2088242  46.2628632
  73.2680435  67.4933243
  73.3272552  59.426281
  73.3864746  47.3126717
  73.4456863  64.048645
  73.5049057  50.7543488
  73.5641174  48.85215
  73.6233368  56.5023499
  73.6825485  60.7842789
  73.7417679  49.3832664
  73.8009796  58.3195648
  73.860199  45.928997
  73.9194107  50.9600449
  73.9786301  61.8070755
  74.0378494  48.3713188
  74.0970612  58.1958923
  74.1562805  66.5087738
  74.2154922  55.8899879
  74.2747116  62.4048347
  74.3339233  58.3787422
  74.3931427  51.4495125
  74.4523544  58.5881271
  74.5115738  47.9025078
  74.5707855  37.5587311
  74.6300049  19.6425991
  74.6892166  12.2216053
  74.748436  3.27744818
  74.8076477  0.
  74.8668671  0.469928116
  74.9260788  0.
  74.9852982  0.
  75.0445099  0.
  75.1037292  0.
  75.162941  0.
  75.2221603  0.
  75.2813721  0.
  75.3405914  0.
     *       *   
  74.2086334  0.
  74.2678452  0.
  74.3270645  0.
  74.3862762  0.
  74.4454956  0.
  74.5047073  0.
  74.5639267  0.
  74.6231384  0.221980616
  74.6823578  3.11403227
  74.7415695  6.98262167
  74.8007889  13.8600922
  74.8600006  32.3135986
  74.91922  57.0371742
  74.9784317  55.0959206
  75.0376511  74.3764725
  75.0968628  58.113121
  75.1560822  64.6417084
  75.2152939  53.8921585
  75.2745132  66.9449158
  75.333725  58.9587746
  75.3929443  60.3534279
  75.4521561  64.786499
  75.5113754  57.2072372
  75.5705948  59.8188095
  75.6298065  62.963623
  75.6890259  54.0551567
  75.7482376  58.1402016
  75.807457  56.7943573
  75.8666687  56.9823036
  75.9258881  47.0509529
  75.9850998  54.4848824
  76.0443192  63.2470665
  76.1035309  62.2558365
  76.1627502  71.9153748
  76.221962  55.7518806
  76.2811813  62.3549881
  76.3403931  41.9771461
  76.3996124  57.5797882
  76.4588242  49.2663307
  76.5180435  56.723526
  76.5772552  53.210022
  76.6364746  64.8459167
  76.6956863  54.476429
  76.7549057  59.0491486
  76.8141174  52.7911911
  76.8733368  49.3237152
  76.9325485  59.9884415
  76.9917679  49.8601227
  77.0509796  50.0139427
  77.110199  53.8927193
  77.1694107  54.1244469
  77.2286301  53.2429008
  77.2878494  54.3186798
  77.3470612  57.0010262
  77.4062805  50.1213188
  77.4654922  49.2869606
  77.5247116  58.851757
  77.5839233  59.3316994
  77.6431427  55.7320557
  77.7023544  56.9511452
  77.7615738  38.1419983
  77.8207855  35.2622299
  77.8800049  19.1142197
  77.9392166  7.98274374
  77.998436  2.55555582
  78.0576477  0.846772194
  78.1168671  0.0677848011
  78.1760788  0.110712864
  78.2352982  0.
  78.2945099  0.
  78.3537292  0.
  78.412941  0.
  78.4721603  0.
  78.5313721  0.
  78.5905914  0.
     *       *   
  77.4686279  0.
  77.5278397  0.
  77.587059  0.
  77.6462708  0.
  77.7054901  0.
  77.7647018  0.
  77.8239212  0.
  77.8831329  0.
  77.9423523  3.04608226
  78.001564  10.4384832
  78.0607834  21.4460526
  78.1199951  41.3782768
  78.1792145  45.7254753
  78.2384262  52.3650322
  78.2976456  52.9550934
  78.3568573  56.0697594
  78.4160767  61.1237411
  78.4752884  60.7271042
  78.5345078  49.0865669
  78.5937195  55.4353943
  78.6529388  52.1755905
  78.7121506  65.742775
  78.7713699  55.3780632
  78.8305893  59.4421082
  78.889801  60.7983398
  78.9490204  53.2805939
  79.0082321  54.474823
  79.0674515  42.5611763
  79.1266632  64.9474411
  79.1858826  51.406414
  79.2450943  47.2724953
  79.3043137  48.3757744
  79.3635254  62.9032555
  79.4227448  43.6083221
  79.4819565  55.7854347
  79.5411758  50.6334038
  79.6003876  60.1935387
  79.6596069  57.6667252
  79.7188187  58.5303612
  79.778038  67.9840698
  79.8372498  56.8517342
  79.8964691  62.9063377
  79.9556808  67.5007782
  80.0149002  57.3823166
  80.0741119  56.337265
  80.1333313  58.7880745
  80.192543  54.2032089
  80.2517624  61.2917099
  80.3109741  56.2097511
  80.3701935  54.1692581
  80.4294052  48.6079369
  80.4886246  55.018734
  80.5478439  52.9851151
  80.6070557  60.5317345
  80.666275  53.7594223
  80.7254868  50.4750099
  80.7847061  60.2736626
  80.8439178  48.0969086
  80.9031372  50.8567924
  80.9623489  50.1697578
  81.0215683  51.4602814
  81.08078  43.5327339
  81.1399994  14.195672
  81.1992111  7.03628111
  81.2584305  1.72624624
  81.3176422  0.532919586
  81.3768616  0.
  81.4360733  0.
  81.4952927  0.
  81.5545044  0.
  81.6137238  0.
  81.6729355  0.
  81.7321548  0.
  81.7913666  0.
  81.8505859  0.
     *       *   
  80.7429428  0.
  80.8017654  0.
  80.8605881  0.
  80.9194107  0.
  80.9782333  0.
  81.037056  0.
  81.0958786  0.
  81.1547089  0.838360131
  81.2135315  1.62472534
  81.2723541  9.62676716
  81.3311768  15.4252529
  81.3899994  40.33078
  81.448822  50.1593132
  81.5076447  61.7465744
  81.5664673  62.4391327
  81.6252899  43.7825127
  81.6841202  56.1497879
  81.7429428  56.2335205
  81.8017654  58.690403
  81.8605881  55.0935936
  81.9194107  53.8169098
  81.9782333  55.034729
  82.037056  61.3369102
  82.0958786  64.6218033
  82.1547089  55.7088432
  82.2135315  56.8582077
  82.2723541  57.5708733
  82.3311768  54.7539101
  82.3899994  54.7049026
  82.448822  55.9761696
  82.5076447  53.6754379
  82.5664673  51.814724
  82.6252899  59.2384987
  82.6841202  53.7927399
  82.7429428  54.765419
  82.8017654  59.8324127
  82.8605881  57.7070541
  82.9194107  63.2076492
  82.9782333  57.8859596
  83.037056  62.9448318
  83.0958786  39.7767067
  83.1547089  61.7160149
  83.2135315  56.983036
  83.2723541  54.2135086
  83.3311768  47.3053246
  83.3899994  45.5613098
  83.448822  63.919838
  83.5076447  63.5284958
  83.5664673  58.5257149
  83.6252899  49.5150528
  83.6841202  57.0262985
  83.7429428  53.9441452
  83.8017654  51.2010155
  83.8605881  51.2093239
  83.9194107  70.9249039
  83.9782333  57.8561668
  84.037056  46.9440422
  84.0958786  44.5147934
  84.1547089  55.7493439
  84.2135315  59.7743568
  84.2723541  49.4935875
  84.3311768  33.9290771
  84.3899994  28.7766933
  84.448822  4.6209836
  84.5076447  1.04746366
  84.5664673  0.0848264992
  84.6252899  0.
  84.6841202  0.
  84.7429428  0.
  84.8017654  0.
  84.8605881  0.
  84.9194107  0.
  84.9782333  0.
  85.037056  0.
  85.0958786  0.
     *       *   
  83.9786301  0.
  84.0378418  0.
  84.0970612  0.
  84.1562729  0.
  84.2154922  0.
  84.274704  0.
  84.3339233  0.
  84.3931351  0.217047721
  84.4523544  1.06005859
  84.5115662  6.14752197
  84.5707855  18.3335266
  84.6299973  46.3327789
  84.6892166  53.7506599
  84.7484283  52.8807449
  84.8076477  43.4599419
  84.8668594  50.6762466
  84.9260788  45.4113579
  84.9852905  57.9906731
  85.0445099  66.8106689
  85.1037216  64.2940903
  85.162941  64.0494156
  85.2221527  44.555233
  85.2813721  51.703228
  85.3405914  48.3110199
  85.3998032  52.1498375
  85.4590225  56.3979034
  85.5182343  59.0237656
  85.5774536  57.4493637
  85.6366653  58.5287056
  85.6958847  64.0599213
  85.7550964  63.6838341
  85.8143158  51.5284882
  85.8735275  61.3558998
  85.9327469  51.5383148
  85.9919586  57.752037
  86.051178  53.5257454
  86.1103897  52.7892914
  86.1696091  49.3139496
  86.2288208  64.6661987
  86.2880402  72.5382919
  86.3472519  60.6702576
  86.4064713  51.201252
  86.465683  62.7467422
  86.5249023  48.7786026
  86.5841141  53.2286568
  86.6433334  64.9997559
  86.7025452  62.6873589
  86.7617645  62.2181091
  86.8209763  59.4170036
  86.8801956  50.1633759
  86.9394073  51.9308739
  86.9986267  61.7473869
  87.0578461  48.2354164
  87.1170578  56.8657341
  87.1762772  67.6776276
  87.2354889  44.3074074
  87.2947083  50.0226593
  87.35392  53.0389214
  87.4131393  73.524086
  87.4723511  51.4414902
  87.5315704  60.3499756
  87.5907822  32.1122589
  87.6500015  20.3374653
  87.7092133  4.72212934
  87.7684326  1.30938578
  87.8276443  0.
  87.8868637  0.
  87.9460754  0.
  88.0052948  0.
  88.0645065  0.
  88.1237259  0.
  88.1829376  0.
  88.242157  0.
  88.3013687  0.
  88.3605881  0.
     *       *   
  87.2386322  0.
  87.2978439  0.
  87.3570633  0.
  87.416275  0.
  87.4754944  0.
  87.5347061  0.
  87.5939255  0.
  87.6531372  0.
  87.7123566  0.934218287
  87.7715683  4.30890083
  87.8307877  17.6346741
  87.8899994  30.8832893
  87.9492188  56.5167961
  88.0084305  61.5407143
  88.0676498  53.9304161
  88.1268616  66.4410172
  88.1860809  49.4672089
  88.2452927  56.5090218
  88.304512  62.7352867
  88.3637238  57.2430458
  88.4229431  54.0775375
  88.4821548  61.9999504
  88.5413742  47.442318
  88.6005936  59.1903114
  88.6598053  60.7194405
  88.7190247  43.7089081
  88.7782364  56.062973
  88.8374557  62.5814362
  88.8966675  66.28125
  88.9558868  52.7687759
  89.0150986  51.8660812
  89.0743179  56.3039055
  89.1335297  56.6601562
  89.192749  63.6200752
  89.2519608  63.910717
  89.3111801  53.7125931
  89.3703918  51.8564453
  89.4296112  57.8204803
  89.4888229  60.7298203
  89.5480423  61.4460373
  89.607254  67.9226151
  89.6664734  60.3454781
  89.7256851  66.7030563
  89.7849045  60.8106422
  89.8441162  56.2554474
  89.9033356  59.1349144
  89.9625473  64.5474319
  90.0217667  55.7170258
  90.0809784  50.0340424
  90.1401978  52.026844
  90.1994095  58.8050804
  90.2586288  58.696991
  90.3178482  48.0943413
  90.3770599  52.8173065
  90.4362793  35.9060059
  90.495491  48.8661003
  90.5547104  59.2031326
  90.6139221  56.4696198
  90.6731415  65.9098816
  90.7323532  56.0869713
  90.7915726  55.0334625
  90.8507843  44.6487846
  90.9100037  10.8387814
  90.9692154  5.00465918
  91.0284348  0.56567961
  91.0876465  0.
  91.1468658  0.
  91.2060776  0.
  91.2652969  0.
  91.3245087  0.
  91.383728  0.
  91.4429398  0.
  91.5021591  0.
  91.5613708  0.
  91.6205902  0.
     *       *   
  90.4986343  0.
  90.5578461  0.
  90.6170654  0.
  90.6762772  0.
  90.7354965  0.
  90.7947083  0.
  90.8539276  0.
  90.9131393  0.
  90.9723587  0.454005957
  91.0315704  4.28330708
  91.0907898  13.6093512
  91.1500015  36.2835236
  91.2092209  60.1381493
  91.2684326  40.8057823
  91.327652  52.8685455
  91.3868637  50.4042435
  91.4460831  54.1545525
  91.5052948  62.983387
  91.5645142  56.0838013
  91.6237259  52.3459206
  91.6829453  53.2106857
  91.742157  65.3432083
  91.8013763  57.398468
  91.8605957  62.0650406
  91.9198074  56.0990982
  91.9790268  52.2542992
  92.0382385  60.9575119
  92.0974579  52.6421089
  92.1566696  54.2239876
  92.215889  44.7950249
  92.2751007  49.1435089
  92.3343201  55.3164368
  92.3935318  56.9375534
  92.4527512  64.6569366
  92.5119629  47.7320557
  92.5711823  62.1414642
  92.630394  56.9817352
  92.6896133  55.2540321
  92.7488251  72.3661194
  92.8080444  77.0183258
  92.8672562  55.1477814
  92.9264755  53.6449661
  92.9856873  56.8128738
  93.0449066  53.1637955
  93.1041183  48.4835396
  93.1633377  57.6121864
  93.2225494  51.6452179
  93.2817688  49.1338692
  93.3409805  58.6082344
  93.4001999  59.2019119
  93.4594116  60.4843369
  93.518631  72.8543854
  93.5778503  54.4325981
  93.6370621  50.5731239
  93.6962814  51.7196617
  93.7554932  60.4607124
  93.8147125  53.9676285
  93.8739243  56.5436897
  93.9331436  61.4212189
  93.9923553  50.4455299
  94.0515747  54.1347733
  94.1107864  35.8214912
  94.1700058  20.5963039
  94.2292175  4.75691557
  94.2884369  0.613904893
  94.3476486  0.
  94.406868  0.
  94.4660797  0.
  94.5252991  0.
  94.5845108  0.
  94.6437302  0.
  94.7029419  0.
  94.7621613  0.
  94.821373  0.
  94.8805923  0.
     *       *   
  93.7729416  0.
  93.8317642  0.
  93.8905869  0.
  93.9494095  0.
  94.0082321  0.
  94.0670547  0.
  94.1258774  0.
  94.1847076  0.
  94.2435303  0.650908351
  94.3023529  2.35478187
  94.3611755  24.7538891
  94.4199982  48.6315269
  94.4788208  53.3779678
  94.5376434  65.4227371
  94.5964661  47.8081779
  94.6552887  68.5705109
  94.714119  64.0162354
  94.7729416  53.5826149
  94.8317642  59.989994
  94.8905869  64.2203522
  94.9494095  50.6925507
  95.0082321  56.37854
  95.0670547  48.5586472
  95.1258774  57.0328102
  95.1847076  61.889164
  95.2435303  46.6861534
  95.3023529  56.0508804
  95.3611755  48.3941917
  95.4199982  54.2737999
  95.4788208  67.2160339
  95.5376434  41.2950897
  95.5964661  56.6198425
  95.6552887  48.3964386
  95.714119  59.8683243
  95.7729416  50.7788582
  95.8317642  52.796093
  95.8905869  57.6711617
  95.9494095  45.9553146
  96.0082321  65.3476868
  96.0670547  58.9365158
  96.1258774  57.9312897
  96.1847076  65.3651733
  96.2435303  63.9504623
  96.3023529  55.0926476
  96.3611755  48.2999306
  96.4199982  52.1887245
  96.4788208  49.9759293
  96.5376434  58.0536423
  96.5964661  57.0779572
  96.6552887  49.7368088
  96.714119  60.3378754
  96.7729416  59.6239853
  96.8317642  54.4649124
  96.8905869  66.1655502
  96.9494095  59.352169
  97.0082321  52.4810143
  97.0670547  54.7473869
  97.1258774  48.8192215
  97.1847076  68.0563736
  97.2435303  55.9843788
  97.3023529  60.0209694
  97.3611755  40.2416267
  97.4199982  17.7329464
  97.4788208  4.50674868
  97.5376434  0.206580773
  97.5964661  0.
  97.6552887  0.
  97.714119  0.
  97.7729416  0.
  97.8317642  0.
  97.8905869  0.
  97.9494095  0.
  98.0082321  0.
  98.0670547  0.
  98.1258774  0.
     *       *   
  97.0129471  0.
  97.0717697  0.
  97.1305923  0.
  97.189415  0.
  97.2482376  0.
  97.3070602  0.
  97.3658829  0.
  97.4247131  0.
  97.4835358  0.452148527
  97.5423584  3.21004152
  97.601181  13.8732958
  97.6600037  35.2186241
  97.7188263  64.6804428
  97.7776489  62.6845436
  97.8364716  45.519825
  97.8952942  65.4725189
  97.9541245  51.1601677
  98.0129471  51.3689308
  98.0717697  57.965229
  98.1305923  55.3437309
  98.189415  51.3516998
  98.2482376  55.7466125
  98.3070602  45.2145271
  98.3658829  45.0277786
  98.4247131  55.4974442
  98.4835358  44.3217735
  98.5423584  46.5519981
  98.601181  69.4939117
  98.6600037  56.4557076
  98.7188263  44.1559258
  98.7776489  55.9517212
  98.8364716  46.4395599
  98.8952942  63.9499893
  98.9541245  55.5590172
  99.0129471  57.5362511
  99.0717697  52.6278954
  99.1305923  71.5820389
  99.189415  51.4155464
  99.2482376  63.8960419
  99.3070602  58.282299
  99.3658829  66.4528275
  99.4247131  52.8538857
  99.4835358  48.9712334
  99.5423584  57.7948875
  99.601181  56.7984352
  99.6600037  56.7371788
  99.7188263  57.5203476
  99.7776489  70.4798355
  99.8364716  58.2451134
  99.8952942  57.7513809
  99.9541245  53.3230782
  100.012947  48.6414261
  100.07177  57.8577156
  100.130592  60.9097443
  100.189415  66.8110352
  100.248238  64.9579849
  100.30706  51.8130226
  100.365883  54.0194893
  100.424713  57.6964188
  100.483536  55.7207947
  100.542358  60.4007835
  100.601181  44.8604164
  100.660004  22.9975815
  100.718826  2.1508224
  100.777649  0.442911804
  100.836472  0.
  100.895294  0.
  100.954124  0.
  101.012947  0.
  101.07177  0.
  101.130592  0.
  101.189415  0.
  101.248238  0.
  101.30706  0.
  101.365883  0.
     *       *   
  100.252945  0.
  100.311768  0.
  100.37059  0.
  100.429413  0.
  100.488235  0.
  100.547058  0.
  100.605881  0.
  100.664711  0.
  100.723534  0.
  100.782356  1.61139464
  100.841179  13.1221161
  100.900002  36.7500343
  100.958824  56.7137718
  101.017647  60.5090408
  101.076469  63.4521446
  101.135292  54.7725372
  101.194122  60.9340668
  101.252945  61.8932076
  101.311768  50.0614853
  101.37059  56.4006119
  101.429413  51.1315269
  101.488235  61.2238541
  101.547058  52.7443428
  101.605881  63.2363396
  101.664711  50.4611397
  101.723534  54.5037804
  101.782356  55.7785873
  101.841179  48.6917419
  101.900002  73.1225586
  101.958824  59.4877853
  102.017647  52.0189323
  102.076469  64.2954636
  102.135292  50.3403625
  102.194122  44.1037483
  102.252945  59.3329811
  102.311768  66.0159149
  102.37059  62.6263008
  102.429413  58.671505
  102.488235  58.7716713
  102.547058  49.4387589
  102.605881  52.9256554
  102.664711  56.9389229
  102.723534  52.3601265
  102.782356  60.0621414
  102.841179  54.4974136
  102.900002  59.6580086
  102.958824  57.0273514
  103.017647  46.9050713
  103.076469  56.9617157
  103.135292  56.0478897
  103.194122  48.068325
  103.252945  52.3998184
  103.311768  61.619751
  103.37059  60.4933014
  103.429413  60.9047318
  103.488235  57.2002449
  103.547058  57.9460373
  103.605881  60.8074646
  103.664711  58.4767609
  103.723534  62.6469383
  103.782356  57.8668823
  103.841179  36.5432358
  103.900002  13.2365828
  103.958824  1.96728039
  104.017647  0.
  104.076469  0.
  104.135292  0.
  104.194122  0.
  104.252945  0.
  104.311768  0.
  104.37059  0.
  104.429413  0.
  104.488235  0.
  104.547058  0.
  104.605881  0.
     *       *   
  103.492943  0.
  103.551765  0.
  103.610588  0.
  103.669411  0.
  103.728233  0.
  103.787056  0.
  103.845879  0.
  103.904709  0.
  103.963531  0.
  104.022354  1.40337706
  104.081177  16.6768837
  104.139999  41.4157295
  104.198822  54.0226555
  104.257645  69.2544708
  104.316467  60.6976166
  104.37529  51.0524292
  104.43412  61.474617
  104.492943  54.6734009
  104.551765  56.8511047
  104.610588  56.6778831
  104.669411  53.9423714
  104.728233  56.3688965
  104.787056  58.9793129
  104.845879  48.4154167
  104.904709  47.1222382
  104.963531  53.2376099
  105.022354  48.6550941
  105.081177  55.701313
  105.139999  70.2274399
  105.198822  67.8122177
  105.257645  55.9164314
  105.316467  59.1729927
  105.37529  56.8340759
  105.43412  61.3789444
  105.492943  62.080101
  105.551765  59.8752213
  105.610588  55.7513618
  105.669411  55.9823303
  105.728233  65.4515457
  105.787056  60.5691719
  105.845879  47.7091217
  105.904709  61.1563454
  105.963531  62.560009
  106.022354  40.0811157
  106.081177  62.7716522
  106.139999  64.4753647
  106.198822  58.2442665
  106.257645  59.7305374
  106.316467  62.4562607
  106.37529  48.8494682
  106.43412  60.1274071
  106.492943  46.1639786
  106.551765  60.6415291
  106.610588  62.9199257
  106.669411  55.8594246
  106.728233  61.1220055
  106.787056  39.7193375
  106.845879  58.3989868
  106.904709  59.0738106
  106.963531  54.1389961
  107.022354  56.8287506
  107.081177  37.8169212
  107.139999  10.0575743
  107.198822  0.432373792
  107.257645  0.237687334
  107.316467  0.
  107.37529  0.
  107.43412  0.
  107.492943  0.
  107.551765  0.
  107.610588  0.
  107.669411  0.
  107.728233  0.
  107.787056  0.
  107.845879  0.
     *       *   
  106.737259  0.
  106.795692  0.
  106.854118  0.
  106.912552  0.
  106.970985  0.
  107.029411  0.
  107.087845  0.
  107.146278  0.
  107.204712  0.
  107.263138  1.30937588
  107.321571  16.2213345
  107.380005  49.802887
  107.438431  47.6563187
  107.496864  59.7172737
  107.555298  52.4237556
  107.613731  56.9267769
  107.672157  55.0026588
  107.730591  51.977684
  107.789024  67.7023239
  107.84745  54.8179054
  107.905884  49.7794113
  107.964317  62.2784004
  108.022751  56.0394249
  108.081177  54.5312119
  108.13961  67.9993668
  108.198044  50.3042984
  108.25647  57.086544
  108.314903  53.9885139
  108.373337  47.6669235
  108.43177  62.7005196
  108.490196  54.6817131
  108.54863  66.2224045
  108.607063  57.0661392
  108.665489  64.2268982
  108.723923  61.288559
  108.782356  54.7123146
  108.84079  58.0726204
  108.899216  54.1969833
  108.957649  60.2166138
  109.016083  58.4747429
  109.074516  53.9775543
  109.132942  57.1952095
  109.191376  53.0125313
  109.249809  57.6426048
  109.308235  58.774025
  109.366669  64.9112854
  109.425102  56.9787941
  109.483536  43.5219231
  109.541962  44.0490875
  109.600395  59.5222893
  109.658829  48.7021828
  109.717255  55.2113533
  109.775688  55.7445221
  109.834122  55.5373383
  109.892555  50.3702126
  109.950981  52.6579018
  110.009415  55.1439056
  110.067848  70.3202896
  110.126274  61.714222
  110.184708  55.4552917
  110.243141  51.1063309
  110.301575  47.5722809
  110.360001  16.0926037
  110.418434  1.58917356
  110.476868  0.
  110.535294  0.
  110.593727  0.
  110.652161  0.
  110.710594  0.
  110.76902  0.
  110.827454  0.
  110.885887  0.
  110.944313  0.
  111.002747  0.
  111.06118  0.
     *       *   
  109.957253  0.
  110.015686  0.
  110.074112  0.
  110.132545  0.
  110.190979  0.
  110.249405  0.
  110.307838  0.
  110.366272  0.
  110.424706  0.
  110.483131  0.495187163
  110.541565  13.4817533
  110.599998  42.082325
  110.658424  57.4412842
  110.716858  56.141861
  110.775291  53.1384811
  110.833725  67.8828506
  110.892151  54.7346611
  110.950584  56.1151657
  111.009018  43.0424385
  111.067444  65.7108307
  111.125877  50.576252
  111.184311  46.6966248
  111.242744  54.6568718
  111.30117  58.2950134
  111.359604  55.1732712
  111.418037  56.8175125
  111.476463  48.6837807
  111.534897  54.2106934
  111.59333  54.5042915
  111.651764  52.3051338
  111.71019  52.3477974
  111.768623  64.1597519
  111.827057  60.4738579
  111.885483  54.9777451
  111.943916  53.2174072
  112.00235  52.6264915
  112.060783  45.8300171
  112.119209  59.094101
  112.177643  56.2262192
  112.236076  54.6622467
  112.29451  49.5024834
  112.352936  51.2748909
  112.411369  63.1595955
  112.469803  52.419014
  112.528229  52.5585175
  112.586662  51.08358
  112.645096  68.5385742
  112.703529  60.8841972
  112.761955  60.201561
  112.820389  58.0683022
  112.878822  58.4159241
  112.937248  57.5762253
  112.995682  64.9938507
  113.054115  61.8266907
  113.112549  72.5268784
  113.170975  69.577507
  113.229408  61.8911819
  113.287842  63.7834282
  113.346268  64.200386
  113.404701  49.6971931
  113.463135  63.6036224
  113.521568  53.2585526
  113.579994  15.5655689
  113.638428  2.22679996
  113.696861  0.
  113.755287  0.
  113.813721  0.
  113.872154  0.
  113.930588  0.
  113.989014  0.
  114.047447  0.
  114.105881  0.
  114.164307  0.
  114.22274  0.
  114.281174  0.
     *       *   
  113.187256  0.
  113.245689  0.
  113.304115  0.
  113.362549  0.
  113.420982  0.
  113.479408  0.
  113.537842  0.
  113.596275  0.
  113.654709  0.
  113.713135  0.645781815
  113.771568  15.5326986
  113.830002  36.288662
  113.888428  55.1711845
  113.946861  57.2221794
  114.005295  58.1785545
  114.063728  65.1161957
  114.122154  58.4771652
  114.180588  50.621418
  114.239021  52.2558327
  114.297447  48.0551987
  114.355881  66.1082458
  114.414314  52.5598335
  114.472748  42.4933853
  114.531174  56.5436859
  114.589607  65.3646774
  114.648041  51.0225525
  114.706467  55.9973526
  114.7649  64.3106766
  114.823334  62.6158524
  114.881767  47.573719
  114.940193  57.7899437
  114.998627  63.8676186
  115.05706  63.5803947
  115.115486  50.5446396
  115.17392  65.4654694
  115.232353  60.9437218
  115.290787  58.8888283
  115.349213  49.3796921
  115.407646  71.0245514
  115.46608  55.6661987
  115.524513  68.4821548
  115.582939  58.7122383
  115.641373  64.232933
  115.699806  51.3508263
  115.758232  56.7880936
  115.816666  47.3250999
  115.875099  59.685318
  115.933533  61.5892944
  115.991959  60.0595398
  116.050392  64.4593124
  116.108826  56.0194092
  116.167252  56.1565018
  116.225685  56.8931923
  116.284119  55.8028297
  116.342552  55.1188889
  116.400978  61.2713203
  116.459412  71.0726929
  116.517845  47.5056267
  116.576271  51.3076096
  116.634705  38.8111229
  116.693138  64.3654099
  116.751572  45.2385597
  116.809998  15.7574968
  116.868431  0.165077612
  116.926865  0.
  116.985291  0.
  117.043724  0.
  117.102158  0.
  117.160591  0.
  117.219017  0.
  117.277451  0.
  117.335884  0.
  117.39431  0.
  117.452744  0.
  117.511177  0.
     *       *   
  116.407257  0.
  116.465691  0.
  116.524117  0.
  116.58255  0.
  116.640984  0.
  116.699409  0.
  116.757843  0.
  116.816277  0.
  116.87471  0.
  116.933136  0.545227706
  116.99157  12.1939707
  117.050003  43.0837517
  117.108429  45.8658142
  117.166862  68.6582565
  117.225296  46.0850716
  117.28373  46.7992058
  117.342155  63.7198105
  117.400589  54.9488068
  117.459023  52.7077942
  117.517448  49.9114265
  117.575882  59.4707069
  117.634315  58.7313385
  117.692749  50.8927994
  117.751175  47.3484154
  117.809608  55.070118
  117.868042  67.2152557
  117.926468  58.6771011
  117.984901  54.295105
  118.043335  64.0735168
  118.101768  69.2227859
  118.160194  54.1635971
  118.218628  54.5966263
  118.277061  54.8656502
  118.335487  58.0317802
  118.393921  63.8941345
  118.452354  60.7216034
  118.510788  62.5401192
  118.569214  51.5075798
  118.627647  60.9493446
  118.686081  53.5657158
  118.744514  62.0743446
  118.80294  72.7150269
  118.861374  57.002346
  118.919807  51.7909508
  118.978233  45.1873703
  119.036667  52.5110703
  119.0951  57.2602959
  119.153534  59.1448479
  119.21196  55.1362953
  119.270393  51.4438019
  119.328827  53.4097862
  119.387253  62.030014
  119.445686  61.4062805
  119.50412  66.0024796
  119.562553  60.362587
  119.620979  46.8547058
  119.679413  58.0761414
  119.737846  56.7272301
  119.796272  57.1479988
  119.854706  54.7751541
  119.913139  59.116703
  119.971573  44.7781105
  120.029999  13.9494581
  120.088432  0.222977534
  120.146866  0.
  120.205292  0.
  120.263725  0.
  120.322159  0.
  120.380592  0.
  120.439018  0.
  120.497452  0.
  120.555885  0.
  120.614311  0.
  120.672745  0.
  120.731178  0.
     *       *   
  119.637253  0.
  119.695686  0.
  119.754112  0.
  119.812546  0.
  119.870979  0.
  119.929405  0.
  119.987839  0.
  120.046272  0.
  120.104706  0.
  120.163132  0.
  120.221565  13.3962984
  120.279999  41.6653709
  120.338425  63.4916916
  120.396858  67.1895447
  120.455292  56.8762245
  120.513725  55.1128616
  120.572151  55.010746
  120.630585  66.1894684
  120.689018  56.6466026
  120.747444  63.2139626
  120.805878  51.2165794
  120.864311  54.6454697
  120.922745  54.7375374
  120.981171  62.4926682
  121.039604  60.6406593
  121.098038  45.7199364
  121.156464  58.2785339
  121.214897  62.4796524
  121.273331  56.3944473
  121.331764  59.8708687
  121.39019  49.9130135
  121.448624  54.0477409
  121.507057  56.5246582
  121.565483  46.1684723
  121.623917  61.6801338
  121.68235  44.5296402
  121.740784  51.3918152
  121.79921  55.0675812
  121.857643  60.015934
  121.916077  61.4678879
  121.97451  55.1983986
  122.032936  62.1015778
  122.09137  48.5272713
  122.149803  63.2068596
  122.208229  52.1729698
  122.266663  66.0460892
  122.325096  60.9708023
  122.38353  59.2020302
  122.441956  61.7423096
  122.500389  59.2477226
  122.558823  52.4857559
  122.617249  57.3800125
  122.675682  53.7918091
  122.734116  57.9518814
  122.792549  73.3910522
  122.850975  59.7170143
  122.909409  61.883976
  122.967842  59.0214119
  123.026268  67.3614044
  123.084702  46.7547073
  123.143135  50.0632477
  123.201569  39.7489853
  123.259995  8.39919853
  123.318428  0.632641852
  123.376862  0.
  123.435287  0.
  123.493721  0.
  123.552155  0.
  123.610588  0.
  123.669014  0.
  123.727448  0.
  123.785881  0.
  123.844307  0.
  123.90274  0.
  123.961174  0.
     *       *   
  122.857254  0.
  122.915688  0.
  122.974113  0.
  123.032547  0.
  123.090981  0.
  123.149406  0.
  123.20784  0.
  123.266273  0.
  123.324707  0.
  123.383133  0.
  123.441566  9.17149639
  123.5  38.2936325
  123.558426  60.958416
  123.616859  52.3873024
  123.675293  56.6786919
  123.733727  51.1065216
  123.792152  63.0816345
  123.850586  56.1911659
  123.909019  51.5150757
  123.967445  50.7791481
  124.025879  46.1316109
  124.084312  55.5160522
  124.142746  46.9531059
  124.201172  54.6937218
  124.259605  54.2439957
  124.318039  52.8884659
  124.376465  66.8519974
  124.434898  61.0634804
  124.493332  58.6461067
  124.551765  67.6084824
  124.610191  52.1378441
  124.668625  64.5368958
  124.727058  57.9921837
  124.785484  56.3881798
  124.843918  55.1248322
  124.902351  62.6887436
  124.960785  56.8909836
  125.019211  60.8112755
  125.077644  57.0330772
  125.136078  52.1747437
  125.194511  61.5394936
  125.252937  56.3323021
  125.311371  57.3573265
  125.369804  44.9300957
  125.42823  52.8061295
  125.486664  56.4855995
  125.545097  62.1276207
  125.603531  45.4611816
  125.661957  54.3950958
  125.72039  56.7161827
  125.778824  49.8431892
  125.83725  60.2083588
  125.895683  50.7887726
  125.954117  61.2103386
  126.01255  67.4982071
  126.070976  61.6158562
  126.12941  56.0412178
  126.187843  71.1073227
  126.246269  54.0285034
  126.304703  57.2072639
  126.363136  58.2150917
  126.42157  56.1520081
  126.479996  13.2202301
  126.538429  0.
  126.596863  0.
  126.655289  0.
  126.713722  0.
  126.772156  0.
  126.830589  0.
  126.889015  0.
  126.947449  0.
  127.005882  0.
  127.064308  0.
  127.122742  0.
  127.181175  0.
     *       *   
  126.087257  0.
  126.145691  0.
  126.204117  0.
  126.26255  0.
  126.320984  0.
  126.37941  0.
  126.437843  0.
  126.496277  0.
  126.55471  0.
  126.613136  0.
  126.67157  7.76209927
  126.730003  43.6069641
  126.788429  60.13517
  126.846863  52.5115509
  126.905296  52.7826347
  126.96373  54.9568787
  127.022156  54.1158714
  127.080589  59.9872513
  127.139023  61.9914627
  127.197449  52.5593643
  127.255882  60.5502815
  127.314316  52.0778198
  127.372749  66.2179031
  127.431175  65.3891373
  127.489609  50.4020805
  127.548042  58.5941124
  127.606468  68.8063889
  127.664902  51.2083511
  127.723335  44.346489
  127.781769  63.0174789
  127.840195  66.8653183
  127.898628  49.9764404
  127.957062  63.6747589
  128.015488  60.4707603
  128.073929  65.5544052
  128.132355  63.1953125
  128.190781  55.7295341
  128.249222  64.2985001
  128.307648  49.3836594
  128.366074  47.2757072
  128.424515  56.9728012
  128.482941  49.0013199
  128.541367  52.533596
  128.599808  55.1923409
  128.658234  58.0670357
  128.716675  64.0592041
  128.775101  61.3812752
  128.833527  52.3889236
  128.891968  62.0413361
  128.950394  57.6370125
  129.00882  56.9053459
  129.067261  63.7369537
  129.125687  54.1753273
  129.184113  63.0524597
  129.242554  56.2973404
  129.30098  55.9881668
  129.359406  56.815239
  129.417847  68.8755341
  129.476273  54.817894
  129.534714  66.9646912
  129.59314  51.8039742
  129.651566  50.7453613
  129.710007  19.5814266
  129.768433  0.
  129.826859  0.
  129.8853  0.
  129.943726  0.
  130.002151  0.
  130.060593  0.
  130.119019  0.
  130.17746  0.
  130.235886  0.
  130.294312  0.
  130.352753  0.
  130.411179  0.
     *       *   
  129.317245  0.
  129.375687  0.
  129.434113  0.
  129.492538  0.
  129.55098  0.
  129.609406  0.
  129.667847  0.
  129.726273  0.
  129.784698  0.
  129.84314  0.
  129.901566  12.5278215
  129.959991  52.4076462
  130.018433  54.9289703
  130.076859  60.7396355
  130.135284  60.4361267
  130.193726  55.4663734
  130.252151  49.0248489
  130.310593  51.6102753
  130.369019  60.4174156
  130.427444  55.650013
  130.485886  54.3989754
  130.544312  49.9993515
  130.602737  50.1319733
  130.661179  53.173317
  130.719604  58.3916512
  130.77803  69.5188599
  130.836472  64.5430069
  130.894897  58.77808
  130.953323  67.0104065
  131.011765  60.9740791
  131.07019  54.1946564
  131.128632  45.0712051
  131.187057  54.9169121
  131.245483  53.5405235
  131.303925  58.2635727
  131.36235  59.2374306
  131.420776  49.5335579
  131.479218  60.8331261
  131.537643  58.5088005
  131.596069  62.9966812
  131.65451  51.8519554
  131.712936  46.8486938
  131.771362  55.6055374
  131.829803  58.798275
  131.888229  51.71101
  131.946671  56.7488785
  132.005096  58.4237595
  132.063522  56.2880859
  132.121964  55.7856827
  132.180389  59.053772
  132.238815  62.0014114
  132.297256  50.7020416
  132.355682  59.3589134
  132.414108  62.4248238
  132.472549  53.0897522
  132.530975  70.7013779
  132.589401  53.2593002
  132.647842  63.9489136
  132.706268  54.9425049
  132.764709  49.2320442
  132.823135  59.4654579
  132.881561  50.7417946
  132.940002  13.8015919
  132.998428  0.
  133.056854  0.
  133.115295  0.
  133.173721  0.
  133.232147  0.
  133.290588  0.
  133.349014  0.
  133.407455  0.
  133.465881  0.
  133.524307  0.
  133.582748  0.
  133.641174  0.
     *       *   
  132.547241  0.
  132.605682  0.
  132.664108  0.
  132.722534  0.
  132.780975  0.
  132.839401  0.
  132.897842  0.
  132.956268  0.
  133.014694  0.
  133.073135  0.
  133.131561  10.5548429
  133.189987  59.4716682
  133.248428  65.6139679
  133.306854  58.6103516
  133.36528  57.4243393
  133.423721  40.3253708
  133.482147  54.6401978
  133.540588  60.5178757
  133.599014  59.010067
  133.65744  57.3527985
  133.715881  56.4473915
  133.774307  66.4352951
  133.832733  56.7395477
  133.891174  57.9420319
  133.9496  59.8890266
  134.008026  55.368309
  134.066467  56.9887772
  134.124893  58.3111305
  134.183319  49.4863091
  134.24176  70.4132309
  134.300186  54.4177208
  134.358627  51.7690887
  134.417053  51.7433586
  134.475479  50.5767975
  134.53392  51.6689301
  134.592346  65.1685257
  134.650772  62.7522812
  134.709213  54.1203918
  134.767639  49.0698013
  134.826065  52.6264496
  134.884506  65.2348022
  134.942932  61.7784843
  135.001358  52.3305511
  135.059799  45.5242195
  135.118225  64.324234
  135.176666  65.4610214
  135.235092  55.8338394
  135.293518  63.4604416
  135.351959  60.0527
  135.410385  65.9454803
  135.468811  49.4138641
  135.527252  53.0989037
  135.585678  47.5517197
  135.644104  59.4627342
  135.702545  62.6063156
  135.760971  58.9693413
  135.819397  61.8190842
  135.877838  49.6208458
  135.936264  64.2984238
  135.994705  43.223175
  136.053131  58.2872353
  136.111557  56.8690491
  136.169998  7.74361897
  136.228424  0.
  136.28685  0.
  136.345291  0.
  136.403717  0.
  136.462143  0.
  136.520584  0.
  136.57901  0.
  136.637451  0.
  136.695877  0.
  136.754303  0.
  136.812744  0.
  136.87117  0.
     *       *   
  135.777252  0.
  135.835693  0.
  135.894119  0.
  135.952545  0.
  136.010986  0.
  136.069412  0.
  136.127853  0.
  136.186279  0.
  136.244705  0.
  136.303146  0.
  136.361572  15.2480783
  136.419998  48.6086578
  136.478439  56.7293358
  136.536865  50.0957298
  136.595291  67.7793121
  136.653732  57.4125824
  136.712158  53.3570137
  136.770599  56.3171616
  136.829025  62.4496918
  136.887451  52.2128067
  136.945892  61.7149124
  137.004318  57.6978989
  137.062744  61.9743919
  137.121185  62.1476898
  137.179611  56.0699387
  137.238037  50.7300301
  137.296478  58.6888657
  137.354904  49.6111145
  137.41333  51.8072662
  137.471771  51.3773613
  137.530197  59.0083694
  137.588638  63.6802521
  137.647064  57.4576683
  137.70549  66.2747803
  137.763931  49.3392487
  137.822357  53.4500999
  137.880783  47.9513741
  137.939224  60.4829407
  137.99765  47.7800255
  138.056076  57.0232735
  138.114517  56.1636047
  138.172943  55.109642
  138.231369  59.6022301
  138.28981  63.1538582
  138.348236  54.136097
  138.406677  63.1577988
  138.465103  68.5884247
  138.523529  66.9671021
  138.58197  64.4604568
  138.640396  56.5136032
  138.698822  59.9601173
  138.757263  55.7503281
  138.815689  61.4181709
  138.874115  62.6369514
  138.932556  54.6278801
  138.990982  64.303566
  139.049408  54.901268
  139.107849  62.8045197
  139.166275  54.6625175
  139.224716  58.6663475
  139.283142  45.3312721
  139.341568  50.6648521
  139.400009  8.66308689
  139.458435  0.
  139.516861  0.
  139.575302  0.
  139.633728  0.
  139.692154  0.
  139.750595  0.
  139.809021  0.
  139.867462  0.
  139.925888  0.
  139.984314  0.
  140.042755  0.
  140.101181  0.
     *       *   
  138.992935  0.
  139.051758  0.
  139.11058  0.
  139.169418  0.
  139.228241  0.
  139.287064  0.
  139.345886  0.
  139.404709  0.
  139.463531  0.
  139.522354  0.
  139.581177  9.37891865
  139.639999  50.1724281
  139.698822  54.3684883
  139.757645  47.9195023
  139.816467  58.9993553
  139.87529  48.1389999
  139.934113  64.1328278
  139.992935  66.7047043
  140.051758  64.3196716
  140.11058  56.5214348
  140.169418  46.5795898
  140.228241  60.1452522
  140.287064  52.4727898
  140.345886  60.1858711
  140.404709  70.7842636
  140.463531  50.0274086
  140.522354  59.1801262
  140.581177  56.0099449
  140.639999  51.4273758
  140.698822  54.3589325
  140.757645  39.6879196
  140.816467  59.632061
  140.87529  49.5550041
  140.934113  67.1193008
  140.992935  72.869812
  141.051758  61.6830788
  141.11058  50.7471542
  141.169418  56.1640091
  141.228241  55.7132339
  141.287064  57.2987976
  141.345886  58.0964966
  141.404709  58.5857925
  141.463531  55.6893463
  141.522354  58.9525108
  141.581177  62.329319
  141.639999  61.9655037
  141.698822  51.9418411
  141.757645  45.0679245
  141.816467  56.3510666
  141.87529  65.139801
  141.934113  63.1119614
  141.992935  52.0803986
  142.051758  57.8214531
  142.11058  61.7895775
  142.169418  52.4791374
  142.228241  52.6183739
  142.287064  69.7652359
  142.345886  63.6447296
  142.404709  56.8683014
  142.463531  63.1286697
  142.522354  52.7050705
  142.581177  51.6060257
  142.639999  10.112978
  142.698822  0.
  142.757645  0.
  142.816467  0.
  142.87529  0.
  142.934113  0.
  142.992935  0.
  143.051758  0.
  143.11058  0.
  143.169418  0.
  143.228241  0.
  143.287064  0.
  143.345886  0.
     *       *   
  142.222931  0.
  142.281754  0.
  142.340576  0.
  142.399414  0.
  142.458237  0.
  142.517059  0.
  142.575882  0.
  142.634705  0.
  142.693527  0.
  142.75235  0.
  142.811172  10.543788
  142.869995  38.8229485
  142.928818  58.3689003
  142.98764  62.8720932
  143.046463  44.602047
  143.105286  50.1717682
  143.164108  62.0844841
  143.222931  62.6910477
  143.281754  54.5809822
  143.340576  54.02948
  143.399414  62.4191246
  143.458237  50.4818916
  143.517059  49.3380394
  143.575882  67.4469376
  143.634705  59.3295708
  143.693527  64.3020401
  143.75235  66.1736069
  143.811172  58.0904655
  143.869995  59.3861427
  143.928818  57.1263084
  143.98764  57.5521049
  144.046463  63.8973961
  144.105286  64.9790192
  144.164108  48.7901268
  144.222931  50.1888046
  144.281754  69.3732834
  144.340576  53.7020531
  144.399414  50.6003151
  144.458237  62.7223549
  144.517059  60.5949097
  144.575882  57.8511543
  144.634705  59.0819664
  144.693527  45.2756615
  144.75235  56.7389145
  144.811172  59.5772934
  144.869995  70.4886475
  144.928818  62.6751823
  144.98764  62.8299255
  145.046463  55.2564087
  145.105286  58.3641586
  145.164108  46.7443504
  145.222931  43.9719505
  145.281754  51.5084572
  145.340576  53.9512672
  145.399414  59.3479652
  145.458237  62.2273674
  145.517059  73.1267548
  145.575882  49.8048859
  145.634705  66.8821182
  145.693527  65.2643127
  145.75235  62.6523056
  145.811172  44.0673447
  145.869995  6.36428261
  145.928818  0.
  145.98764  0.
  146.046463  0.
  146.105286  0.
  146.164108  0.
  146.222931  0.
  146.281754  0.
  146.340576  0.
  146.399414  0.
  146.458237  0.
  146.517059  0.
  146.575882  0.
     *       *   
  145.462936  0.
  145.521759  0.
  145.580582  0.
  145.63942  0.
  145.698242  0.
  145.757065  0.
  145.815887  0.
  145.87471  0.
  145.933533  0.
  145.992355  0.
  146.051178  8.03930187
  146.110001  45.9496307
  146.168823  53.3734016
  146.227646  65.3675232
  146.286469  64.3180008
  146.345291  65.9973373
  146.404114  63.2516556
  146.462936  61.6372223
  146.521759  63.6110916
  146.580582  63.4162483
  146.63942  74.4423218
  146.698242  64.2589798
  146.757065  68.4562836
  146.815887  62.3399925
  146.87471  63.5710335
  146.933533  37.2242966
  146.992355  38.1765099
  147.051178  55.1490288
  147.110001  54.9345551
  147.168823  59.7156448
  147.227646  57.8985558
  147.286469  54.381237
  147.345291  53.0972519
  147.404114  62.0890694
  147.462936  63.4284477
  147.521759  47.1833916
  147.580582  65.3489761
  147.63942  61.91325
  147.698242  46.9284248
  147.757065  48.9483452
  147.815887  60.7178307
  147.87471  52.7562218
  147.933533  52.2500877
  147.992355  49.0479774
  148.051178  50.8127823
  148.110001  60.4318695
  148.168823  46.77985
  148.227646  63.7102661
  148.286469  57.7156639
  148.345291  63.9755249
  148.404114  67.2306137
  148.462936  48.157299
  148.521759  55.6754761
  148.580582  56.0949821
  148.63942  65.8103714
  148.698242  60.6767807
  148.757065  53.2787743
  148.815887  56.8700714
  148.87471  62.3052444
  148.933533  52.7499542
  148.992355  59.0952072
  149.051178  49.4316521
  149.110001  6.24744225
  149.168823  0.
  149.227646  0.
  149.286469  0.
  149.345291  0.
  149.404114  0.
  149.462936  0.
  149.521759  0.
  149.580582  0.
  149.63942  0.
  149.698242  0.
  149.757065  0.
  149.815887  0.
     *       *   
  148.712936  0.
  148.771759  0.
  148.830582  0.
  148.88942  0.
  148.948242  0.
  149.007065  0.
  149.065887  0.
  149.12471  0.
  149.183533  0.
  149.242355  0.
  149.301178  17.6025829
  149.360001  42.6262093
  149.418823  54.1972771
  149.477646  58.7028351
  149.536469  61.5969467
  149.595291  73.1844635
  149.654114  66.6220932
  149.712936  50.8624077
  149.771759  56.5802269
  149.830582  55.0503769
  149.88942  61.532505
  149.948242  68.0797119
  150.007065  61.9934578
  150.065887  61.9367065
  150.12471  66.0629578
  150.183533  61.5966454
  150.242355  54.278141
  150.301178  48.4947586
  150.360001  43.4043922
  150.418823  60.0367966
  150.477646  60.6616058
  150.536469  55.7465363
  150.595291  60.043499
  150.654114  65.9168015
  150.712936  54.9098015
  150.771759  67.6135406
  150.830582  60.6555367
  150.88942  48.1127205
  150.948242  56.6682243
  151.007065  49.0692711
  151.065887  53.4257431
  151.12471  50.5563774
  151.183533  65.1822739
  151.242355  52.8898735
  151.301178  60.4725113
  151.360001  52.6975365
  151.418823  46.217247
  151.477646  64.8446045
  151.536469  57.351181
  151.595291  65.0582352
  151.654114  56.0605125
  151.712936  53.7656937
  151.771759  55.3455658
  151.830582  56.1785316
  151.88942  65.690834
  151.948242  64.3059616
  152.007065  55.5805588
  152.065887  52.1844711
  152.12471  53.6120682
  152.183533  58.2405815
  152.242355  52.1892853
  152.301178  38.404377
  152.360001  6.18583775
  152.418823  0.
  152.477646  0.
  152.536469  0.
  152.595291  0.
  152.654114  0.
  152.712936  0.
  152.771759  0.
  152.830582  0.
  152.88942  0.
  152.948242  0.
  153.007065  0.
  153.065887  0.
     *       *   
  151.962936  0.
  152.021759  0.
  152.080582  0.
  152.13942  0.
  152.198242  0.
  152.257065  0.
  152.315887  0.
  152.37471  0.
  152.433533  0.
  152.492355  0.
  152.551178  16.3887291
  152.610001  57.3392487
  152.668823  57.791996
  152.727646  63.3385429
  152.786469  69.1684189
  152.845291  48.1229095
  152.904114  52.9735374
  152.962936  54.9983902
  153.021759  53.7487259
  153.080582  59.5786819
  153.13942  59.657238
  153.198242  48.0874786
  153.257065  52.3244324
  153.315887  58.2726936
  153.37471  60.4009819
  153.433533  58.2703629
  153.492355  61.148613
  153.551178  48.1129112
  153.610001  70.841362
  153.668823  59.2893066
  153.727646  61.0044861
  153.786469  57.2712479
  153.845291  51.0490685
  153.904114  60.2228508
  153.962936  56.9644394
  154.021759  68.0883865
  154.080582  58.682312
  154.13942  49.3917809
  154.198242  64.2051086
  154.257065  63.1500778
  154.315887  50.5576668
  154.37471  54.0419388
  154.433533  54.2832794
  154.492355  52.1288071
  154.551178  55.0381165
  154.610001  55.7973137
  154.668823  58.8478889
  154.727646  53.8843994
  154.786469  60.5716248
  154.845291  47.5704918
  154.904114  52.8797646
  154.962936  66.9198608
  155.021759  51.8523064
  155.080582  50.3429718
  155.13942  57.5140648
  155.198242  66.5403595
  155.257065  51.7186241
  155.315887  61.013298
  155.37471  52.6806641
  155.433533  56.1520386
  155.492355  49.0844536
  155.551178  52.7560844
  155.610001  8.69116592
  155.668823  0.
  155.727646  0.
  155.786469  0.
  155.845291  0.
  155.904114  0.
  155.962936  0.
  156.021759  0.
  156.080582  0.
  156.13942  0.
  156.198242  0.
  156.257065  0.
  156.315887  0.
     *       *   
  155.212936  0.
  155.271759  0.
  155.330582  0.
  155.38942  0.
  155.448242  0.
  155.507065  0.
  155.565887  0.
  155.62471  0.
  155.683533  0.
  155.742355  0.
  155.801178  8.87602806
  155.860001  45.7855835
  155.918823  53.7522774
  155.977646  51.1489944
  156.036469  60.4039421
  156.095291  57.1919708
  156.154114  58.9360352
  156.212936  59.7142601
  156.271759  68.7405777
  156.330582  63.0487061
  156.38942  54.5850563
  156.448242  65.6014175
  156.507065  63.1782379
  156.565887  59.683342
  156.62471  51.3914948
  156.683533  61.5294876
  156.742355  68.2652969
  156.801178  56.9875984
  156.860001  72.6899185
  156.918823  63.3358955
  156.977646  55.995285
  157.036469  55.2015266
  157.095291  55.7933617
  157.154114  58.7750206
  157.212936  46.3687668
  157.271759  56.4623146
  157.330582  55.2350845
  157.38942  55.5162735
  157.448242  63.6665878
  157.507065  62.0902481
  157.565887  63.1658554
  157.62471  49.0198479
  157.683533  62.2495384
  157.742355  60.6711388
  157.801178  59.2449951
  157.860001  57.5002556
  157.918823  59.3573875
  157.977646  70.0102463
  158.036469  63.3739624
  158.095291  50.3837357
  158.154114  55.4986229
  158.212936  53.902359
  158.271759  55.2685814
  158.330582  58.7486115
  158.38942  61.1154366
  158.448242  61.842762
  158.507065  66.8240967
  158.565887  58.1518173
  158.62471  38.8581886
  158.683533  58.8170967
  158.742355  63.8470001
  158.801178  58.3338814
  158.860001  8.35075283
  158.918823  0.
  158.977646  0.
  159.036469  0.
  159.095291  0.
  159.154114  0.
  159.212936  0.
  159.271759  0.
  159.330582  0.
  159.38942  0.
  159.448242  0.
  159.507065  0.
  159.565887  0.
     *       *   
  158.462936  0.
  158.521759  0.
  158.580582  0.
  158.63942  0.
  158.698242  0.
  158.757065  0.
  158.815887  0.
  158.87471  0.
  158.933533  0.
  158.992355  0.
  159.051178  22.3598957
  159.110001  166.602478
  159.168823  192.397583
  159.227646  177.155304
  159.286469  213.647263
  159.345291  164.632416
  159.404114  185.559402
  159.462936  224.615662
  159.521759  263.653473
  159.580582  193.551376
  159.63942  228.880981
  159.698242  197.675125
  159.757065  169.307358
  159.815887  187.326569
  159.87471  179.844269
  159.933533  200.591324
  159.992355  14.8766212
  160.051178  0.
  160.110001  0.
  160.168823  0.
  160.227646  0.
  160.286469  0.
  160.345291  0.
  160.404114  0.
  160.462936  0.
  160.521759  0.
  160.580582  0.
  160.63942  0.
  160.698242  0.
  160.757065  0.
  160.815887  0.
  160.87471  0.
  160.933533  0.
  160.992355  0.
  161.051178  0.
  161.110001  0.
  161.168823  0.
  161.227646  0.
  161.286469  0.
  161.345291  0.
  161.404114  0.
  161.462936  0.
  161.521759  0.
  161.580582  0.
  161.63942  0.
  161.698242  0.
  161.757065  0.
  161.815887  0.
  161.87471  0.
  161.933533  0.
  161.992355  0.
  162.051178  0.
  162.110001  0.
  162.168823  0.
  162.227646  0.
  162.286469  0.
  162.345291  0.
  162.404114  0.
  162.462936  0.
  162.521759  0.
  162.580582  0.
  162.63942  0.
  162.698242  0.
  162.757065  0.
  162.815887  0.
     *       *   
